date,lat,lon,ind
2019-09-16,40.71958611647166,-74.04311746358871,23122
2019-09-16,40.7112423,-74.0557013,23122
2019-09-16,40.7241765,-74.0506564,23123
2019-09-16,40.71958611647166,-74.04311746358871,23123
2019-09-16,40.7253399253558,-74.06762212514877,23124
2019-09-16,40.722103786686034,-74.07145500183105,23124
2019-09-16,40.734961020009514,-74.0595030784607,23125
2019-09-16,40.7182113,-74.0836394,23125
2019-09-16,40.7253399253558,-74.06762212514877,23126
2019-09-16,40.72572613742557,-74.07195925712585,23126
2019-09-16,40.734961020009514,-74.0595030784607,23127
2019-09-16,40.742677141,-74.051788633,23127
2019-09-16,40.721650724879986,-74.04288411140442,23128
2019-09-16,40.71687,-74.03281,23128
2019-09-16,40.71687,-74.03281,23129
2019-09-16,40.721650724879986,-74.04288411140442,23129
2019-09-16,40.7242941,-74.0354826,23130
2019-09-16,40.7124188237569,-74.03852552175522,23130
2019-09-16,40.7287448,-74.0321082,23131
2019-09-16,40.7253399253558,-74.06762212514877,23131
2019-09-16,40.7253399253558,-74.06762212514877,23132
2019-09-16,40.722103786686034,-74.07145500183105,23132
2019-09-16,40.7253399253558,-74.06762212514877,23133
2019-09-16,40.734961020009514,-74.0595030784607,23133
2019-09-16,40.71687,-74.03281,23134
2019-09-16,40.71958611647166,-74.04311746358871,23134
2019-09-16,40.71687,-74.03281,23135
2019-09-16,40.71958611647166,-74.04311746358871,23135
2019-09-16,40.7272235,-74.0337589,23136
2019-09-16,40.7211236,-74.03805095,23136
2019-09-16,40.734961020009514,-74.0595030784607,23137
2019-09-16,40.734961020009514,-74.0595030784607,23137
2019-09-16,40.7376037,-74.0524783,23138
2019-09-16,40.734961020009514,-74.0595030784607,23138
2019-09-16,40.734961020009514,-74.0595030784607,23139
2019-09-16,40.742677141,-74.051788633,23139
2019-09-16,40.7272235,-74.0337589,23140
2019-09-16,40.73520838045357,-74.04696375131607,23140
2019-09-16,40.7287448,-74.0321082,23141
2019-09-16,40.7236589,-74.0641943,23141
2019-09-16,40.7652654,-73.98192338,23142
2019-09-16,40.748715945380226,-74.04044330120087,23142
2019-09-16,40.71958611647166,-74.04311746358871,23143
2019-09-16,40.71848892,-74.047726625,23143
2019-09-16,40.72572613742557,-74.07195925712585,23144
2019-09-16,40.73089709786179,-74.06391263008118,23144
2019-09-16,40.71958611647166,-74.04311746358871,23145
2019-09-16,40.73520838045357,-74.04696375131607,23145
2019-09-16,40.734785818,-74.050443636,23146
2019-09-16,40.7177325,-74.043845,23146
2019-09-16,40.7376037,-74.0524783,23147
2019-09-16,40.73089709786179,-74.06391263008118,23147
2019-09-16,40.7236589,-74.0641943,23148
2019-09-16,40.73089709786179,-74.06391263008118,23148
2019-09-16,40.7124188237569,-74.03852552175522,23149
2019-09-16,40.7141454,-74.0335519,23149
2019-09-16,40.727595966,-74.044247311,23150
2019-09-16,40.71958611647166,-74.04311746358871,23150
2019-09-16,40.7287448,-74.0321082,23151
2019-09-16,40.71835519823214,-74.03891444206238,23151
2019-09-16,40.71687,-74.03281,23152
2019-09-16,40.7124188237569,-74.03852552175522,23152
2019-09-16,40.71687,-74.03281,23153
2019-09-16,40.7192517,-74.034234,23153
2019-09-16,40.71435836870427,-74.06661093235016,23154
2019-09-16,40.7112423,-74.0557013,23154
2019-09-16,40.7124188237569,-74.03852552175522,23155
2019-09-16,40.71687,-74.03281,23155
2019-09-16,40.72601172964625,-74.05038893222809,23156
2019-09-16,40.72528910781132,-74.04557168483734,23156
2019-09-16,40.7246050998869,-74.07840594649315,23157
2019-09-16,40.71687,-74.03281,23157
2019-09-16,40.71928220070702,-74.07126188278198,23158
2019-09-16,40.73089709786179,-74.06391263008118,23158
2019-09-16,40.71958611647166,-74.04311746358871,23159
2019-09-16,40.7192517,-74.034234,23159
2019-09-16,40.71958611647166,-74.04311746358871,23160
2019-09-16,40.721630142638354,-74.04996782541275,23160
2019-09-16,40.7246050998869,-74.07840594649315,23161
2019-09-16,40.73089709786179,-74.06391263008118,23161
2019-09-16,40.7253399253558,-74.06762212514877,23162
2019-09-16,40.73089709786179,-74.06391263008118,23162
2019-09-16,40.7376037,-74.0524783,23163
2019-09-16,40.7376037,-74.0524783,23163
2019-09-16,40.7236589,-74.0641943,23164
2019-09-16,40.73089709786179,-74.06391263008118,23164
2019-09-16,40.71958611647166,-74.04311746358871,23165
2019-09-16,40.727595966,-74.044247311,23165
2019-09-16,40.71958611647166,-74.04311746358871,23166
2019-09-16,40.71653978099194,-74.0496379137039,23166
2019-09-16,40.71958611647166,-74.04311746358871,23167
2019-09-16,40.727595966,-74.044247311,23167
2019-09-16,40.7443187,-74.0439909,23168
2019-09-16,40.71958611647166,-74.04311746358871,23168
2019-09-16,40.71835519823214,-74.03891444206238,23169
2019-09-16,40.71848892,-74.047726625,23169
2019-09-16,40.73367,-74.0625,23170
2019-09-16,40.7376037,-74.0524783,23170
2019-09-16,40.7192517,-74.034234,23171
2019-09-16,40.71687,-74.03281,23171
2019-09-16,40.7124188237569,-74.03852552175522,23172
2019-09-16,40.71687,-74.03281,23172
2019-09-16,40.72333158646436,-74.04595255851744,23173
2019-09-16,40.727595966,-74.044247311,23173
2019-09-16,40.71958611647166,-74.04311746358871,23174
2019-09-16,40.71458403535893,-74.04281705617905,23174
2019-09-16,40.71958611647166,-74.04311746358871,23175
2019-09-16,40.73089709786179,-74.06391263008118,23175
2019-09-16,40.7241765,-74.0506564,23176
2019-09-16,40.721650724879986,-74.04288411140442,23176
2019-09-16,40.71113,-74.0789,23177
2019-09-16,40.73089709786179,-74.06391263008118,23177
2019-09-16,40.72601172964625,-74.05038893222809,23178
2019-09-16,40.72528910781132,-74.04557168483734,23178
2019-09-16,40.7112423,-74.0557013,23179
2019-09-16,40.7141454,-74.0335519,23179
2019-09-16,40.71958611647166,-74.04311746358871,23180
2019-09-16,40.71458403535893,-74.04281705617905,23180
2019-09-16,40.71958611647166,-74.04311746358871,23181
2019-09-16,40.7192517,-74.034234,23181
2019-09-16,40.7141454,-74.0335519,23182
2019-09-16,40.7124188237569,-74.03852552175522,23182
2019-09-16,40.71958611647166,-74.04311746358871,23183
2019-09-16,40.71653978099194,-74.0496379137039,23183
2019-09-16,40.71653978099194,-74.0496379137039,23184
2019-09-16,40.71958611647166,-74.04311746358871,23184
2019-09-16,40.71848892,-74.047726625,23185
2019-09-16,40.71848892,-74.047726625,23185
2019-09-16,40.71687,-74.03281,23186
2019-09-16,40.727595966,-74.044247311,23186
2019-09-16,40.71958611647166,-74.04311746358871,23187
2019-09-16,40.72528910781132,-74.04557168483734,23187
2019-09-16,40.71958611647166,-74.04311746358871,23188
2019-09-16,40.727595966,-74.044247311,23188
2019-09-16,40.721630142638354,-74.04996782541275,23189
2019-09-16,40.71687,-74.03281,23189
2019-09-16,40.71958611647166,-74.04311746358871,23190
2019-09-16,40.727595966,-74.044247311,23190
2019-09-16,40.721630142638354,-74.04996782541275,23191
2019-09-16,40.71958611647166,-74.04311746358871,23191
2019-09-16,40.7246050998869,-74.07840594649315,23192
2019-09-16,40.73089709786179,-74.06391263008118,23192
2019-09-16,40.71848892,-74.047726625,23193
2019-09-16,40.71958611647166,-74.04311746358871,23193
2019-09-16,40.722103786686034,-74.07145500183105,23194
2019-09-16,40.73089709786179,-74.06391263008118,23194
2019-09-16,40.73367,-74.0625,23195
2019-09-16,40.742677141,-74.051788633,23195
2019-09-16,40.71113,-74.0789,23196
2019-09-16,40.71687,-74.03281,23196
2019-09-16,40.72152515,-74.046304543,23197
2019-09-16,40.7211236,-74.03805095,23197
2019-09-16,40.7124188237569,-74.03852552175522,23198
2019-09-16,40.71687,-74.03281,23198
2019-09-16,40.71958611647166,-74.04311746358871,23199
2019-09-16,40.721630142638354,-74.04996782541275,23199
2019-09-16,40.71958611647166,-74.04311746358871,23200
2019-09-16,40.71848892,-74.047726625,23200
2019-09-16,40.71848892,-74.047726625,23201
2019-09-16,40.71958611647166,-74.04311746358871,23201
2019-09-16,40.72568548362901,-74.04879033565521,23202
2019-09-16,40.71958611647166,-74.04311746358871,23202
2019-09-16,40.71958611647166,-74.04311746358871,23203
2019-09-16,40.71458403535893,-74.04281705617905,23203
2019-09-16,40.7376037,-74.0524783,23204
2019-09-16,40.73367,-74.0625,23204
2019-09-16,40.73367,-74.0625,23205
2019-09-16,40.74590996631558,-74.0572714805603,23205
2019-09-16,40.71928220070702,-74.07126188278198,23206
2019-09-16,40.73089709786179,-74.06391263008118,23206
2019-09-16,40.71958611647166,-74.04311746358871,23207
2019-09-16,40.7112423,-74.0557013,23207
2019-09-16,40.7272235,-74.0337589,23208
2019-09-16,40.7242941,-74.0354826,23208
2019-09-16,40.71458403535893,-74.04281705617905,23209
2019-09-16,40.71958611647166,-74.04311746358871,23209
2019-09-16,40.727595966,-74.044247311,23210
2019-09-16,40.7272235,-74.0337589,23210
2019-09-16,40.727595966,-74.044247311,23211
2019-09-16,40.7272235,-74.0337589,23211
2019-09-16,40.71649,-74.04105,23212
2019-09-16,40.71958611647166,-74.04311746358871,23212
2019-09-16,40.71835519823214,-74.03891444206238,23213
2019-09-16,40.71653978099194,-74.0496379137039,23213
2019-09-16,40.7192517,-74.034234,23214
2019-09-16,40.7112423,-74.0557013,23214
2019-09-16,40.71653978099194,-74.0496379137039,23215
2019-09-16,40.71958611647166,-74.04311746358871,23215
2019-09-16,40.7124188237569,-74.03852552175522,23216
2019-09-16,40.7192517,-74.034234,23216
2019-09-16,40.722103786686034,-74.07145500183105,23217
2019-09-16,40.73089709786179,-74.06391263008118,23217
2019-09-16,40.71958611647166,-74.04311746358871,23218
2019-09-16,40.71848892,-74.047726625,23218
2019-09-16,40.72528910781132,-74.04557168483734,23219
2019-09-16,40.71958611647166,-74.04311746358871,23219
2019-09-16,40.72528910781132,-74.04557168483734,23220
2019-09-16,40.71958611647166,-74.04311746358871,23220
2019-09-16,40.7376037,-74.0524783,23221
2019-09-16,40.73520838045357,-74.04696375131607,23221
2019-09-16,40.727595966,-74.044247311,23222
2019-09-16,40.71958611647166,-74.04311746358871,23222
2019-09-16,40.72601172964625,-74.05038893222809,23223
2019-09-16,40.71958611647166,-74.04311746358871,23223
2019-09-16,40.71958611647166,-74.04311746358871,23224
2019-09-16,40.727595966,-74.044247311,23224
2019-09-16,40.7177325,-74.043845,23225
2019-09-16,40.7112423,-74.0557013,23225
2019-09-16,40.71687,-74.03281,23226
2019-09-16,40.7192517,-74.034234,23226
2019-09-16,40.7242941,-74.0354826,23227
2019-09-16,40.7141454,-74.0335519,23227
2019-09-16,40.7141454,-74.0335519,23228
2019-09-16,40.71835519823214,-74.03891444206238,23228
2019-09-16,40.71848892,-74.047726625,23229
2019-09-16,40.72528910781132,-74.04557168483734,23229
2019-09-16,40.7287448,-74.0321082,23230
2019-09-16,40.71113,-74.0789,23230
2019-09-16,40.7192517,-74.034234,23231
2019-09-16,40.7272235,-74.0337589,23231
2019-09-16,40.72568548362901,-74.04879033565521,23232
2019-09-16,40.742677141,-74.051788633,23232
2019-09-16,40.71113,-74.0789,23233
2019-09-16,40.71835519823214,-74.03891444206238,23233
2019-09-16,40.71687,-74.03281,23234
2019-09-16,40.72601172964625,-74.05038893222809,23234
2019-09-16,40.7246050998869,-74.07840594649315,23235
2019-09-16,40.73089709786179,-74.06391263008118,23235
2019-09-16,40.73089709786179,-74.06391263008118,23236
2019-09-16,40.7246050998869,-74.07840594649315,23236
2019-09-16,40.7177325,-74.043845,23237
2019-09-16,40.71346382669195,-74.06285852193832,23237
2019-09-16,40.72333158646436,-74.04595255851744,23238
2019-09-16,40.7272235,-74.0337589,23238
2019-09-16,40.71653978099194,-74.0496379137039,23239
2019-09-16,40.71958611647166,-74.04311746358871,23239
2019-09-16,40.72601172964625,-74.05038893222809,23240
2019-09-16,40.71958611647166,-74.04311746358871,23240
2019-09-16,40.7272235,-74.0337589,23241
2019-09-16,40.727595966,-74.044247311,23241
2019-09-16,40.71687,-74.03281,23242
2019-09-16,40.727595966,-74.044247311,23242
2019-09-16,40.727595966,-74.044247311,23243
2019-09-16,40.71958611647166,-74.04311746358871,23243
2019-09-16,40.7211236,-74.03805095,23244
2019-09-16,40.7192517,-74.034234,23244
2019-09-16,40.727595966,-74.044247311,23245
2019-09-16,40.71653978099194,-74.0496379137039,23245
2019-09-16,40.72333158646436,-74.04595255851744,23246
2019-09-16,40.727595966,-74.044247311,23246
2019-09-16,40.72528910781132,-74.04557168483734,23247
2019-09-16,40.71958611647166,-74.04311746358871,23247
2019-09-16,40.71687,-74.03281,23248
2019-09-16,40.7124188237569,-74.03852552175522,23248
2019-09-16,40.72528910781132,-74.04557168483734,23249
2019-09-16,40.7211236,-74.03805095,23249
2019-09-16,40.71958611647166,-74.04311746358871,23250
2019-09-16,40.727595966,-74.044247311,23250
2019-09-16,40.72333158646436,-74.04595255851744,23251
2019-09-16,40.7192517,-74.034234,23251
2019-09-16,40.73367,-74.0625,23252
2019-09-16,40.7376037,-74.0524783,23252
2019-09-16,40.727595966,-74.044247311,23253
2019-09-16,40.71958611647166,-74.04311746358871,23253
2019-09-16,40.71958611647166,-74.04311746358871,23254
2019-09-16,40.721630142638354,-74.04996782541275,23254
2019-09-16,40.71942,-74.05099,23255
2019-09-16,40.71958611647166,-74.04311746358871,23255
2019-09-16,40.72528910781132,-74.04557168483734,23256
2019-09-16,40.71958611647166,-74.04311746358871,23256
2019-09-16,40.7192517,-74.034234,23257
2019-09-16,40.71958611647166,-74.04311746358871,23257
2019-09-16,40.7127742,-74.0364857,23258
2019-09-16,40.7141454,-74.0335519,23258
2019-09-16,40.71928220070702,-74.07126188278198,23259
2019-09-16,40.73089709786179,-74.06391263008118,23259
2019-09-16,40.72152515,-74.046304543,23260
2019-09-16,40.734785818,-74.050443636,23260
2019-09-16,40.72152515,-74.046304543,23261
2019-09-16,40.727595966,-74.044247311,23261
2019-09-16,40.734785818,-74.050443636,23262
2019-09-16,40.71958611647166,-74.04311746358871,23262
2019-09-16,40.71958611647166,-74.04311746358871,23263
2019-09-16,40.71458403535893,-74.04281705617905,23263
2019-09-16,40.71958611647166,-74.04311746358871,23264
2019-09-16,40.71458403535893,-74.04281705617905,23264
2019-09-16,40.7287448,-74.0321082,23265
2019-09-16,40.7192517,-74.034234,23265
2019-09-16,40.73089709786179,-74.06391263008118,23266
2019-09-16,40.722103786686034,-74.07145500183105,23266
2019-09-16,40.7141454,-74.0335519,23267
2019-09-16,40.72568548362901,-74.04879033565521,23267
2019-09-16,40.72528910781132,-74.04557168483734,23268
2019-09-16,40.71958611647166,-74.04311746358871,23268
2019-09-16,40.7287448,-74.0321082,23269
2019-09-16,40.7272235,-74.0337589,23269
2019-09-16,40.72528910781132,-74.04557168483734,23270
2019-09-16,40.71958611647166,-74.04311746358871,23270
2019-09-16,40.7272235,-74.0337589,23271
2019-09-16,40.7192517,-74.034234,23271
2019-09-16,40.71346382669195,-74.06285852193832,23272
2019-09-16,40.7177325,-74.043845,23272
2019-09-16,40.71958611647166,-74.04311746358871,23273
2019-09-16,40.72601172964625,-74.05038893222809,23273
2019-09-16,40.7112423,-74.0557013,23274
2019-09-16,40.7141454,-74.0335519,23274
2019-09-16,40.7443187,-74.0439909,23275
2019-09-16,40.73089709786179,-74.06391263008118,23275
2019-09-16,40.71687,-74.03281,23276
2019-09-16,40.71517767732029,-74.03768330812454,23276
2019-09-16,40.72528910781132,-74.04557168483734,23277
2019-09-16,40.721650724879986,-74.04288411140442,23277
2019-09-16,40.71958611647166,-74.04311746358871,23278
2019-09-16,40.71458403535893,-74.04281705617905,23278
2019-09-16,40.74590996631558,-74.0572714805603,23279
2019-09-16,40.74590996631558,-74.0572714805603,23279
2019-09-16,40.7242941,-74.0354826,23280
2019-09-16,40.7272235,-74.0337589,23280
2019-09-16,40.71958611647166,-74.04311746358871,23281
2019-09-16,40.71942,-74.05099,23281
2019-09-16,40.71517767732029,-74.03768330812454,23282
2019-09-16,40.71687,-74.03281,23282
2019-09-16,40.7242941,-74.0354826,23283
2019-09-16,40.7272235,-74.0337589,23283
2019-09-16,40.727595966,-74.044247311,23284
2019-09-16,40.71687,-74.03281,23284
2019-09-16,40.721650724879986,-74.04288411140442,23285
2019-09-16,40.7241765,-74.0506564,23285
2019-09-16,40.71517767732029,-74.03768330812454,23286
2019-09-16,40.7192517,-74.034234,23286
2019-09-16,40.7241765,-74.0506564,23287
2019-09-16,40.71958611647166,-74.04311746358871,23287
2019-09-16,40.7272235,-74.0337589,23288
2019-09-16,40.7127742,-74.0364857,23288
2019-09-16,40.7192517,-74.034234,23289
2019-09-16,40.74590996631558,-74.0572714805603,23289
2019-09-16,40.7272235,-74.0337589,23290
2019-09-16,40.71848892,-74.047726625,23290
2019-09-16,40.72528910781132,-74.04557168483734,23291
2019-09-16,40.7141454,-74.0335519,23291
2019-09-16,40.72528910781132,-74.04557168483734,23292
2019-09-16,40.721650724879986,-74.04288411140442,23292
2019-09-16,40.71848892,-74.047726625,23293
2019-09-16,40.71958611647166,-74.04311746358871,23293
2019-09-16,40.7192517,-74.034234,23294
2019-09-16,40.7127742,-74.0364857,23294
2019-09-16,40.721650724879986,-74.04288411140442,23295
2019-09-16,40.72601172964625,-74.05038893222809,23295
2019-09-16,40.7236589,-74.0641943,23296
2019-09-16,40.73089709786179,-74.06391263008118,23296
2019-09-16,40.72152515,-74.046304543,23297
2019-09-16,40.71517767732029,-74.03768330812454,23297
2019-09-16,40.7272235,-74.0337589,23298
2019-09-16,40.7287448,-74.0321082,23298
2019-09-16,40.7177325,-74.043845,23299
2019-09-16,40.71517767732029,-74.03768330812454,23299
2019-09-16,40.72568548362901,-74.04879033565521,23300
2019-09-16,40.72152515,-74.046304543,23300
2019-09-16,40.721650724879986,-74.04288411140442,23301
2019-09-16,40.72568548362901,-74.04879033565521,23301
2019-09-16,40.7287448,-74.0321082,23302
2019-09-16,40.72333158646436,-74.04595255851744,23302
2019-09-16,40.71687,-74.03281,23303
2019-09-16,40.7127742,-74.0364857,23303
2019-09-16,40.7242941,-74.0354826,23304
2019-09-16,40.72568548362901,-74.04879033565521,23304
2019-09-16,40.748715945380226,-74.04044330120087,23305
2019-09-16,40.7443187,-74.0439909,23305
2019-09-16,40.72333158646436,-74.04595255851744,23306
2019-09-16,40.721650724879986,-74.04288411140442,23306
2019-09-16,40.73089709786179,-74.06391263008118,23307
2019-09-16,40.71928220070702,-74.07126188278198,23307
2019-09-16,40.7127742,-74.0364857,23308
2019-09-16,40.71835519823214,-74.03891444206238,23308
2019-09-16,40.7141454,-74.0335519,23309
2019-09-16,40.71346382669195,-74.06285852193832,23309
2019-09-16,40.727595966,-74.044247311,23310
2019-09-16,40.72152515,-74.046304543,23310
2019-09-16,40.721650724879986,-74.04288411140442,23311
2019-09-16,40.727595966,-74.044247311,23311
2019-09-16,40.7177325,-74.043845,23312
2019-09-16,40.71653978099194,-74.0496379137039,23312
2019-09-16,40.71835519823214,-74.03891444206238,23313
2019-09-16,40.71458403535893,-74.04281705617905,23313
2019-09-16,40.71958611647166,-74.04311746358871,23314
2019-09-16,40.71848892,-74.047726625,23314
2019-09-16,40.71848892,-74.047726625,23315
2019-09-16,40.7177325,-74.043845,23315
2019-09-16,40.74590996631558,-74.0572714805603,23316
2019-09-16,40.722103786686034,-74.07145500183105,23316
2019-09-16,40.73089709786179,-74.06391263008118,23317
2019-09-16,40.7246050998869,-74.07840594649315,23317
2019-09-16,40.7177325,-74.043845,23318
2019-09-16,40.71458403535893,-74.04281705617905,23318
2019-09-16,40.7192517,-74.034234,23319
2019-09-16,40.7112423,-74.0557013,23319
2019-09-16,40.71653978099194,-74.0496379137039,23320
2019-09-16,40.7127742,-74.0364857,23320
2019-09-16,40.71958611647166,-74.04311746358871,23321
2019-09-16,40.7242941,-74.0354826,23321
2019-09-16,40.721630142638354,-74.04996782541275,23322
2019-09-16,40.7177325,-74.043845,23322
2019-09-16,40.7177325,-74.043845,23323
2019-09-16,40.721630142638354,-74.04996782541275,23323
2019-09-16,40.721650724879986,-74.04288411140442,23324
2019-09-16,40.7241765,-74.0506564,23324
2019-09-16,40.7192517,-74.034234,23325
2019-09-16,40.7192517,-74.034234,23325
2019-09-16,40.7127742,-74.0364857,23326
2019-09-16,40.7141454,-74.0335519,23326
2019-09-16,40.721650724879986,-74.04288411140442,23327
2019-09-16,40.72528910781132,-74.04557168483734,23327
2019-09-16,40.7112423,-74.0557013,23328
2019-09-16,40.7177325,-74.043845,23328
2019-09-16,40.72601172964625,-74.05038893222809,23329
2019-09-16,40.7192517,-74.034234,23329
2019-09-16,40.7177325,-74.043845,23330
2019-09-16,40.71435836870427,-74.06661093235016,23330
2019-09-16,40.7112423,-74.0557013,23331
2019-09-16,40.71346382669195,-74.06285852193832,23331
2019-09-16,40.7211236,-74.03805095,23332
2019-09-16,40.7127742,-74.0364857,23332
2019-09-16,40.71848892,-74.047726625,23333
2019-09-16,40.72568548362901,-74.04879033565521,23333
2019-09-16,40.7241765,-74.0506564,23334
2019-09-16,40.71517767732029,-74.03768330812454,23334
2019-09-16,40.721630142638354,-74.04996782541275,23335
2019-09-16,40.721650724879986,-74.04288411140442,23335
2019-09-16,40.71958611647166,-74.04311746358871,23336
2019-09-16,40.742677141,-74.051788633,23336
2019-09-16,40.71958611647166,-74.04311746358871,23337
2019-09-16,40.727595966,-74.044247311,23337
2019-09-16,40.721650724879986,-74.04288411140442,23338
2019-09-16,40.72333158646436,-74.04595255851744,23338
2019-09-16,40.727595966,-74.044247311,23339
2019-09-16,40.7242941,-74.0354826,23339
2019-09-16,40.71458403535893,-74.04281705617905,23340
2019-09-16,40.7192517,-74.034234,23340
2019-09-16,40.7253399253558,-74.06762212514877,23341
2019-09-16,40.73089709786179,-74.06391263008118,23341
2019-09-16,40.72152515,-74.046304543,23342
2019-09-16,40.7192517,-74.034234,23342
2019-09-16,40.7242941,-74.0354826,23343
2019-09-16,40.7242941,-74.0354826,23343
2019-09-16,40.71653978099194,-74.0496379137039,23344
2019-09-16,40.7177325,-74.043845,23344
2019-09-16,40.71958611647166,-74.04311746358871,23345
2019-09-16,40.727595966,-74.044247311,23345
2019-09-16,40.7246050998869,-74.07840594649315,23346
2019-09-16,40.73089709786179,-74.06391263008118,23346
2019-09-16,40.71928220070702,-74.07126188278198,23347
2019-09-16,40.73089709786179,-74.06391263008118,23347
2019-09-16,40.71458403535893,-74.04281705617905,23348
2019-09-16,40.7177325,-74.043845,23348
2019-09-16,40.72152515,-74.046304543,23349
2019-09-16,40.72568548362901,-74.04879033565521,23349
2019-09-16,40.721630142638354,-74.04996782541275,23350
2019-09-16,40.7177325,-74.043845,23350
2019-09-16,40.71958611647166,-74.04311746358871,23351
2019-09-16,40.721630142638354,-74.04996782541275,23351
2019-09-16,40.7253399253558,-74.06762212514877,23352
2019-09-16,40.73089709786179,-74.06391263008118,23352
2019-09-16,40.71958611647166,-74.04311746358871,23353
2019-09-16,40.72568548362901,-74.04879033565521,23353
2019-09-16,40.71958611647166,-74.04311746358871,23354
2019-09-16,40.71653978099194,-74.0496379137039,23354
2019-09-16,40.721630142638354,-74.04996782541275,23355
2019-09-16,40.71958611647166,-74.04311746358871,23355
2019-09-16,40.7192517,-74.034234,23356
2019-09-16,40.7272235,-74.0337589,23356
2019-09-16,40.71517767732029,-74.03768330812454,23357
2019-09-16,40.7192517,-74.034234,23357
2019-09-16,40.7241765,-74.0506564,23358
2019-09-16,40.71958611647166,-74.04311746358871,23358
2019-09-16,40.71958611647166,-74.04311746358871,23359
2019-09-16,40.72333158646436,-74.04595255851744,23359
2019-09-16,40.7287448,-74.0321082,23360
2019-09-16,40.727595966,-74.044247311,23360
2019-09-16,40.742677141,-74.051788633,23361
2019-09-16,40.734961020009514,-74.0595030784607,23361
2019-09-16,40.721630142638354,-74.04996782541275,23362
2019-09-16,40.71958611647166,-74.04311746358871,23362
2019-09-16,40.71958611647166,-74.04311746358871,23363
2019-09-16,40.71848892,-74.047726625,23363
2019-09-16,40.71958611647166,-74.04311746358871,23364
2019-09-16,40.727595966,-74.044247311,23364
2019-09-16,40.7242941,-74.0354826,23365
2019-09-16,40.7272235,-74.0337589,23365
2019-09-16,40.727595966,-74.044247311,23366
2019-09-16,40.71958611647166,-74.04311746358871,23366
2019-09-16,40.72152515,-74.046304543,23367
2019-09-16,40.7192517,-74.034234,23367
2019-09-16,40.727595966,-74.044247311,23368
2019-09-16,40.71958611647166,-74.04311746358871,23368
2019-09-16,40.7236589,-74.0641943,23369
2019-09-16,40.73089709786179,-74.06391263008118,23369
2019-09-16,40.727595966,-74.044247311,23370
2019-09-16,40.72152515,-74.046304543,23370
2019-09-16,40.71958611647166,-74.04311746358871,23371
2019-09-16,40.727595966,-74.044247311,23371
2019-09-16,40.734961020009514,-74.0595030784607,23372
2019-09-16,40.71687,-74.03281,23372
2019-09-16,40.71687,-74.03281,23373
2019-09-16,40.7141454,-74.0335519,23373
2019-09-16,40.71958611647166,-74.04311746358871,23374
2019-09-16,40.71517767732029,-74.03768330812454,23374
2019-09-16,40.727595966,-74.044247311,23375
2019-09-16,40.71958611647166,-74.04311746358871,23375
2019-09-16,40.71958611647166,-74.04311746358871,23376
2019-09-16,40.72568548362901,-74.04879033565521,23376
2019-09-16,40.721630142638354,-74.04996782541275,23377
2019-09-16,40.7177325,-74.043845,23377
2019-09-16,40.727595966,-74.044247311,23378
2019-09-16,40.71958611647166,-74.04311746358871,23378
2019-09-16,40.7287448,-74.0321082,23379
2019-09-16,40.7241765,-74.0506564,23379
2019-09-16,40.7192517,-74.034234,23380
2019-09-16,40.71687,-74.03281,23380
2019-09-16,40.71653978099194,-74.0496379137039,23381
2019-09-16,40.71958611647166,-74.04311746358871,23381
2019-09-16,40.72568548362901,-74.04879033565521,23382
2019-09-16,40.7177325,-74.043845,23382
2019-09-16,40.72568548362901,-74.04879033565521,23383
2019-09-16,40.7192517,-74.034234,23383
2019-09-16,40.7242941,-74.0354826,23384
2019-09-16,40.7192517,-74.034234,23384
2019-09-16,40.71958611647166,-74.04311746358871,23385
2019-09-16,40.72333158646436,-74.04595255851744,23385
2019-09-16,40.73367,-74.0625,23386
2019-09-16,40.734961020009514,-74.0595030784607,23386
2019-09-16,40.71848892,-74.047726625,23387
2019-09-16,40.7141454,-74.0335519,23387
2019-09-16,40.71458403535893,-74.04281705617905,23388
2019-09-16,40.7112423,-74.0557013,23388
2019-09-16,40.727595966,-74.044247311,23389
2019-09-16,40.7192517,-74.034234,23389
2019-09-16,40.721630142638354,-74.04996782541275,23390
2019-09-16,40.71958611647166,-74.04311746358871,23390
2019-09-16,40.72568548362901,-74.04879033565521,23391
2019-09-16,40.72333158646436,-74.04595255851744,23391
2019-09-16,40.7112423,-74.0557013,23392
2019-09-16,40.7242941,-74.0354826,23392
2019-09-16,40.727595966,-74.044247311,23393
2019-09-16,40.721650724879986,-74.04288411140442,23393
2019-09-16,40.7287448,-74.0321082,23394
2019-09-16,40.734785818,-74.050443636,23394
2019-09-16,40.7192517,-74.034234,23395
2019-09-16,40.727595966,-74.044247311,23395
2019-09-16,40.727595966,-74.044247311,23396
2019-09-16,40.71958611647166,-74.04311746358871,23396
2019-09-16,40.71687,-74.03281,23397
2019-09-16,40.7127742,-74.0364857,23397
2019-09-16,40.734785818,-74.050443636,23398
2019-09-16,40.71958611647166,-74.04311746358871,23398
2019-09-16,40.71958611647166,-74.04311746358871,23399
2019-09-16,40.71942,-74.05099,23399
2019-09-16,40.71517767732029,-74.03768330812454,23400
2019-09-16,40.71958611647166,-74.04311746358871,23400
2019-09-16,40.7177325,-74.043845,23401
2019-09-16,40.7127742,-74.0364857,23401
2019-09-16,40.71687,-74.03281,23402
2019-09-16,40.7127742,-74.0364857,23402
2019-09-16,40.71687,-74.03281,23403
2019-09-16,40.72152515,-74.046304543,23403
2019-09-16,40.71848892,-74.047726625,23404
2019-09-16,40.72333158646436,-74.04595255851744,23404
2019-09-16,40.748715945380226,-74.04044330120087,23405
2019-09-16,40.7287448,-74.0321082,23405
2019-09-16,40.71958611647166,-74.04311746358871,23406
2019-09-16,40.7112423,-74.0557013,23406
2019-09-16,40.73089709786179,-74.06391263008118,23407
2019-09-16,40.722103786686034,-74.07145500183105,23407
2019-09-16,40.7287448,-74.0321082,23408
2019-09-16,40.7192517,-74.034234,23408
2019-09-16,40.71958611647166,-74.04311746358871,23409
2019-09-16,40.7127742,-74.0364857,23409
2019-09-16,40.7192517,-74.034234,23410
2019-09-16,40.721650724879986,-74.04288411140442,23410
2019-09-16,40.71958611647166,-74.04311746358871,23411
2019-09-16,40.7241765,-74.0506564,23411
2019-09-16,40.71958611647166,-74.04311746358871,23412
2019-09-16,40.7241765,-74.0506564,23412
2019-09-16,40.7241765,-74.0506564,23413
2019-09-16,40.71958611647166,-74.04311746358871,23413
2019-09-16,40.748715945380226,-74.04044330120087,23414
2019-09-16,40.748715945380226,-74.04044330120087,23414
2019-09-16,40.742677141,-74.051788633,23415
2019-09-16,40.73367,-74.0625,23415
2019-09-16,40.7241765,-74.0506564,23416
2019-09-16,40.71687,-74.03281,23416
2019-09-16,40.7241765,-74.0506564,23417
2019-09-16,40.7127742,-74.0364857,23417
2019-09-16,40.71958611647166,-74.04311746358871,23418
2019-09-16,40.7241765,-74.0506564,23418
2019-09-16,40.7177325,-74.043845,23419
2019-09-16,40.7112423,-74.0557013,23419
2019-09-16,40.71958611647166,-74.04311746358871,23420
2019-09-16,40.71458403535893,-74.04281705617905,23420
2019-09-16,40.71958611647166,-74.04311746358871,23421
2019-09-16,40.7241765,-74.0506564,23421
2019-09-16,40.71958611647166,-74.04311746358871,23422
2019-09-16,40.72152515,-74.046304543,23422
2019-09-16,40.71687,-74.03281,23423
2019-09-16,40.7112423,-74.0557013,23423
2019-09-16,40.7242941,-74.0354826,23424
2019-09-16,40.72152515,-74.046304543,23424
2019-09-16,40.73089709786179,-74.06391263008118,23425
2019-09-16,40.71928220070702,-74.07126188278198,23425
2019-09-16,40.7141454,-74.0335519,23426
2019-09-16,40.71649,-74.04105,23426
2019-09-16,40.71958611647166,-74.04311746358871,23427
2019-09-16,40.727595966,-74.044247311,23427
2019-09-16,40.71835519823214,-74.03891444206238,23428
2019-09-16,40.71517767732029,-74.03768330812454,23428
2019-09-16,40.71687,-74.03281,23429
2019-09-16,40.72568548362901,-74.04879033565521,23429
2019-09-16,40.727595966,-74.044247311,23430
2019-09-16,40.71958611647166,-74.04311746358871,23430
2019-09-16,40.71687,-74.03281,23431
2019-09-16,40.7211236,-74.03805095,23431
2019-09-16,40.71958611647166,-74.04311746358871,23432
2019-09-16,40.7112423,-74.0557013,23432
2019-09-16,40.7127742,-74.0364857,23433
2019-09-16,40.7112423,-74.0557013,23433
2019-09-16,40.73089709786179,-74.06391263008118,23434
2019-09-16,40.71835519823214,-74.03891444206238,23434
2019-09-16,40.71958611647166,-74.04311746358871,23435
2019-09-16,40.7241765,-74.0506564,23435
2019-09-16,40.7112423,-74.0557013,23436
2019-09-16,40.7177325,-74.043845,23436
2019-09-16,40.7246050998869,-74.07840594649315,23437
2019-09-16,40.7141454,-74.0335519,23437
2019-09-16,40.7241765,-74.0506564,23438
2019-09-16,40.71958611647166,-74.04311746358871,23438
2019-09-16,40.71517767732029,-74.03768330812454,23439
2019-09-16,40.71687,-74.03281,23439
2019-09-16,40.73089709786179,-74.06391263008118,23440
2019-09-16,40.71928220070702,-74.07126188278198,23440
2019-09-16,40.71958611647166,-74.04311746358871,23441
2019-09-16,40.72601172964625,-74.05038893222809,23441
2019-09-16,40.71687,-74.03281,23442
2019-09-16,40.71848892,-74.047726625,23442
2019-09-16,40.71687,-74.03281,23443
2019-09-16,40.727595966,-74.044247311,23443
2019-09-16,40.71687,-74.03281,23444
2019-09-16,40.7127742,-74.0364857,23444
2019-09-16,40.7127742,-74.0364857,23445
2019-09-16,40.71687,-74.03281,23445
2019-09-16,40.727595966,-74.044247311,23446
2019-09-16,40.7272235,-74.0337589,23446
2019-09-16,40.7287448,-74.0321082,23447
2019-09-16,40.7192517,-74.034234,23447
2019-09-16,40.72601172964625,-74.05038893222809,23448
2019-09-16,40.71958611647166,-74.04311746358871,23448
2019-09-16,40.71958611647166,-74.04311746358871,23449
2019-09-16,40.727595966,-74.044247311,23449
2019-09-16,40.71958611647166,-74.04311746358871,23450
2019-09-16,40.72601172964625,-74.05038893222809,23450
2019-09-16,40.71687,-74.03281,23451
2019-09-16,40.71835519823214,-74.03891444206238,23451
2019-09-16,40.71687,-74.03281,23452
2019-09-16,40.7177325,-74.043845,23452
2019-09-16,40.72601172964625,-74.05038893222809,23453
2019-09-16,40.71958611647166,-74.04311746358871,23453
2019-09-16,40.71687,-74.03281,23454
2019-09-16,40.71517767732029,-74.03768330812454,23454
2019-09-16,40.71687,-74.03281,23455
2019-09-16,40.71435836870427,-74.06661093235016,23455
2019-09-16,40.71958611647166,-74.04311746358871,23456
2019-09-16,40.72333158646436,-74.04595255851744,23456
2019-09-16,40.7192517,-74.034234,23457
2019-09-16,40.71687,-74.03281,23457
2019-09-16,40.71517767732029,-74.03768330812454,23458
2019-09-16,40.7192517,-74.034234,23458
2019-09-16,40.71835519823214,-74.03891444206238,23459
2019-09-16,40.727595966,-74.044247311,23459
2019-09-16,40.748715945380226,-74.04044330120087,23460
2019-09-16,40.7211236,-74.03805095,23460
2019-09-16,40.71958611647166,-74.04311746358871,23461
2019-09-16,40.72333158646436,-74.04595255851744,23461
2019-09-16,40.72152515,-74.046304543,23462
2019-09-16,40.72601172964625,-74.05038893222809,23462
2019-09-16,40.7177325,-74.043845,23463
2019-09-16,40.727595966,-74.044247311,23463
2019-09-16,40.727595966,-74.044247311,23464
2019-09-16,40.71958611647166,-74.04311746358871,23464
2019-09-16,40.7211236,-74.03805095,23465
2019-09-16,40.71848892,-74.047726625,23465
2019-09-16,40.7236589,-74.0641943,23466
2019-09-16,40.73089709786179,-74.06391263008118,23466
2019-09-16,40.727595966,-74.044247311,23467
2019-09-16,40.72152515,-74.046304543,23467
2019-09-16,40.727595966,-74.044247311,23468
2019-09-16,40.73089709786179,-74.06391263008118,23468
2019-09-16,40.7127742,-74.0364857,23469
2019-09-16,40.7192517,-74.034234,23469
2019-09-16,40.7192517,-74.034234,23470
2019-09-16,40.7272235,-74.0337589,23470
2019-09-16,40.72152515,-74.046304543,23471
2019-09-16,40.73520838045357,-74.04696375131607,23471
2019-09-16,40.7112423,-74.0557013,23472
2019-09-16,40.7177325,-74.043845,23472
2019-09-16,40.7177325,-74.043845,23473
2019-09-16,40.727595966,-74.044247311,23473
2019-09-16,40.71835519823214,-74.03891444206238,23474
2019-09-16,40.71848892,-74.047726625,23474
2019-09-16,40.71458403535893,-74.04281705617905,23475
2019-09-16,40.71649,-74.04105,23475
2019-09-16,40.73367,-74.0625,23476
2019-09-16,40.7192517,-74.034234,23476
2019-09-16,40.727595966,-74.044247311,23477
2019-09-16,40.71848892,-74.047726625,23477
2019-09-16,40.71958611647166,-74.04311746358871,23478
2019-09-16,40.71653978099194,-74.0496379137039,23478
2019-09-16,40.72601172964625,-74.05038893222809,23479
2019-09-16,40.71835519823214,-74.03891444206238,23479
2019-09-16,40.71958611647166,-74.04311746358871,23480
2019-09-16,40.72601172964625,-74.05038893222809,23480
2019-09-16,40.71848892,-74.047726625,23481
2019-09-16,40.727595966,-74.044247311,23481
2019-09-16,40.72152515,-74.046304543,23482
2019-09-16,40.72528910781132,-74.04557168483734,23482
2019-09-16,40.71835519823214,-74.03891444206238,23483
2019-09-16,40.7287448,-74.0321082,23483
2019-09-16,40.727595966,-74.044247311,23484
2019-09-16,40.72152515,-74.046304543,23484
2019-09-16,40.71835519823214,-74.03891444206238,23485
2019-09-16,40.7211236,-74.03805095,23485
2019-09-16,40.71848892,-74.047726625,23486
2019-09-16,40.71687,-74.03281,23486
2019-09-16,40.7127742,-74.0364857,23487
2019-09-16,40.727595966,-74.044247311,23487
2019-09-16,40.71653978099194,-74.0496379137039,23488
2019-09-16,40.7177325,-74.043845,23488
2019-09-16,40.7112423,-74.0557013,23489
2019-09-16,40.7192517,-74.034234,23489
2019-09-16,40.721650724879986,-74.04288411140442,23490
2019-09-16,40.727595966,-74.044247311,23490
2019-09-16,40.71687,-74.03281,23491
2019-09-16,40.7192517,-74.034234,23491
2019-09-16,40.71458403535893,-74.04281705617905,23492
2019-09-16,40.71517767732029,-74.03768330812454,23492
2019-09-16,40.7311689,-74.0575736,23493
2019-09-16,40.727595966,-74.044247311,23493
2019-09-16,40.727595966,-74.044247311,23494
2019-09-16,40.72152515,-74.046304543,23494
2019-09-16,40.71517767732029,-74.03768330812454,23495
2019-09-16,40.7192517,-74.034234,23495
2019-09-16,40.7287448,-74.0321082,23496
2019-09-16,40.73520838045357,-74.04696375131607,23496
2019-09-16,40.7192517,-74.034234,23497
2019-09-16,40.7211236,-74.03805095,23497
2019-09-16,40.71835519823214,-74.03891444206238,23498
2019-09-16,40.7112423,-74.0557013,23498
2019-09-16,40.71687,-74.03281,23499
2019-09-16,40.72528910781132,-74.04557168483734,23499
2019-09-16,40.721650724879986,-74.04288411140442,23500
2019-09-16,40.71687,-74.03281,23500
2019-09-16,40.7241765,-74.0506564,23501
2019-09-16,40.7242941,-74.0354826,23501
2019-09-16,40.7287448,-74.0321082,23502
2019-09-16,40.7192517,-74.034234,23502
2019-09-16,40.72152515,-74.046304543,23503
2019-09-16,40.71346382669195,-74.06285852193832,23503
2019-09-16,40.7141454,-74.0335519,23504
2019-09-16,40.7211236,-74.03805095,23504
2019-09-16,40.72601172964625,-74.05038893222809,23505
2019-09-16,40.71958611647166,-74.04311746358871,23505
2019-09-16,40.71835519823214,-74.03891444206238,23506
2019-09-16,40.7242941,-74.0354826,23506
2019-09-16,40.7287448,-74.0321082,23507
2019-09-16,40.7127742,-74.0364857,23507
2019-09-16,40.72601172964625,-74.05038893222809,23508
2019-09-16,40.72152515,-74.046304543,23508
2019-09-16,40.71835519823214,-74.03891444206238,23509
2019-09-16,40.72333158646436,-74.04595255851744,23509
2019-09-16,40.7242941,-74.0354826,23510
2019-09-16,40.74590996631558,-74.0572714805603,23510
2019-09-16,40.72152515,-74.046304543,23511
2019-09-16,40.7241765,-74.0506564,23511
2019-09-16,40.71649,-74.04105,23512
2019-09-16,40.72601172964625,-74.05038893222809,23512
2019-09-16,40.72528910781132,-74.04557168483734,23513
2019-09-16,40.71835519823214,-74.03891444206238,23513
2019-09-16,40.71942,-74.05099,23514
2019-09-16,40.7141454,-74.0335519,23514
2019-09-16,40.727595966,-74.044247311,23515
2019-09-16,40.71835519823214,-74.03891444206238,23515
2019-09-16,40.71835519823214,-74.03891444206238,23516
2019-09-16,40.727595966,-74.044247311,23516
2019-09-16,40.71687,-74.03281,23517
2019-09-16,40.7211236,-74.03805095,23517
2019-09-16,40.7127742,-74.0364857,23518
2019-09-16,40.71458403535893,-74.04281705617905,23518
2019-09-16,40.72601172964625,-74.05038893222809,23519
2019-09-16,40.72152515,-74.046304543,23519
2019-09-16,40.71958611647166,-74.04311746358871,23520
2019-09-16,40.73520838045357,-74.04696375131607,23520
2019-09-16,40.72528910781132,-74.04557168483734,23521
2019-09-16,40.72152515,-74.046304543,23521
2019-09-16,40.727595966,-74.044247311,23522
2019-09-16,40.71649,-74.04105,23522
2019-09-16,40.7127742,-74.0364857,23523
2019-09-16,40.73520838045357,-74.04696375131607,23523
2019-09-16,40.71835519823214,-74.03891444206238,23524
2019-09-16,40.71848892,-74.047726625,23524
2019-09-16,40.727595966,-74.044247311,23525
2019-09-16,40.7376037,-74.0524783,23525
2019-09-16,40.7127742,-74.0364857,23526
2019-09-16,40.7242941,-74.0354826,23526
2019-09-16,40.72152515,-74.046304543,23527
2019-09-16,40.7241765,-74.0506564,23527
2019-09-16,40.71687,-74.03281,23528
2019-09-16,40.7211236,-74.03805095,23528
2019-09-16,40.72152515,-74.046304543,23529
2019-09-16,40.71687,-74.03281,23529
2019-09-16,40.72568548362901,-74.04879033565521,23530
2019-09-16,40.7211236,-74.03805095,23530
2019-09-16,40.7211236,-74.03805095,23531
2019-09-16,40.7192517,-74.034234,23531
2019-09-16,40.72568548362901,-74.04879033565521,23532
2019-09-16,40.71958611647166,-74.04311746358871,23532
2019-09-16,40.71958611647166,-74.04311746358871,23533
2019-09-16,40.71435836870427,-74.06661093235016,23533
2019-09-16,40.7127742,-74.0364857,23534
2019-09-16,40.72528910781132,-74.04557168483734,23534
2019-09-16,40.7287448,-74.0321082,23535
2019-09-16,40.742677141,-74.051788633,23535
2019-09-16,40.734785818,-74.050443636,23536
2019-09-16,40.7311689,-74.0575736,23536
2019-09-16,40.72601172964625,-74.05038893222809,23537
2019-09-16,40.71958611647166,-74.04311746358871,23537
2019-09-16,40.7287448,-74.0321082,23538
2019-09-16,40.7192517,-74.034234,23538
2019-09-16,40.7211236,-74.03805095,23539
2019-09-16,40.71687,-74.03281,23539
2019-09-16,40.71517767732029,-74.03768330812454,23540
2019-09-16,40.72333158646436,-74.04595255851744,23540
2019-09-16,40.721650724879986,-74.04288411140442,23541
2019-09-16,40.72601172964625,-74.05038893222809,23541
2019-09-16,40.71653978099194,-74.0496379137039,23542
2019-09-16,40.721650724879986,-74.04288411140442,23542
2019-09-16,40.727595966,-74.044247311,23543
2019-09-16,40.71458403535893,-74.04281705617905,23543
2019-09-16,40.727595966,-74.044247311,23544
2019-09-16,40.72152515,-74.046304543,23544
2019-09-16,40.73367,-74.0625,23545
2019-09-16,40.7127742,-74.0364857,23545
2019-09-16,40.71958611647166,-74.04311746358871,23546
2019-09-16,40.71458403535893,-74.04281705617905,23546
2019-09-16,40.71649,-74.04105,23547
2019-09-16,40.71687,-74.03281,23547
2019-09-16,40.73367,-74.0625,23548
2019-09-16,40.742677141,-74.051788633,23548
2019-09-16,40.72528910781132,-74.04557168483734,23549
2019-09-16,40.7211236,-74.03805095,23549
2019-09-16,40.7192517,-74.034234,23550
2019-09-16,40.7287448,-74.0321082,23550
2019-09-16,40.721650724879986,-74.04288411140442,23551
2019-09-16,40.7211236,-74.03805095,23551
2019-09-16,40.71848892,-74.047726625,23552
2019-09-16,40.72152515,-74.046304543,23552
2019-09-16,40.7287448,-74.0321082,23553
2019-09-16,40.71835519823214,-74.03891444206238,23553
2019-09-16,40.71687,-74.03281,23554
2019-09-16,40.71958611647166,-74.04311746358871,23554
2019-09-16,40.7192517,-74.034234,23555
2019-09-16,40.727595966,-74.044247311,23555
2019-09-16,40.72152515,-74.046304543,23556
2019-09-16,40.73520838045357,-74.04696375131607,23556
2019-09-16,40.7287448,-74.0321082,23557
2019-09-16,40.71958611647166,-74.04311746358871,23557
2019-09-16,40.7192517,-74.034234,23558
2019-09-16,40.727595966,-74.044247311,23558
2019-09-16,40.71458403535893,-74.04281705617905,23559
2019-09-16,40.7211236,-74.03805095,23559
2019-09-16,40.72528910781132,-74.04557168483734,23560
2019-09-16,40.71958611647166,-74.04311746358871,23560
2019-09-16,40.7127742,-74.0364857,23561
2019-09-16,40.7127742,-74.0364857,23561
2019-09-16,40.721650724879986,-74.04288411140442,23562
2019-09-16,40.7192517,-74.034234,23562
2019-09-16,40.72152515,-74.046304543,23563
2019-09-16,40.727595966,-74.044247311,23563
2019-09-16,40.7246050998869,-74.07840594649315,23564
2019-09-16,40.71649,-74.04105,23564
2019-09-16,40.73367,-74.0625,23565
2019-09-16,40.71687,-74.03281,23565
2019-09-16,40.7124188237569,-74.03852552175522,23566
2019-09-16,40.7141454,-74.0335519,23566
2019-09-16,40.7241765,-74.0506564,23567
2019-09-16,40.71848892,-74.047726625,23567
2019-09-16,40.72333158646436,-74.04595255851744,23568
2019-09-16,40.72333158646436,-74.04595255851744,23568
2019-09-16,40.71958611647166,-74.04311746358871,23569
2019-09-16,40.7272235,-74.0337589,23569
2019-09-16,40.72755146730012,-74.07106071710587,23570
2019-09-16,40.73089709786179,-74.06391263008118,23570
2019-09-16,40.71346382669195,-74.06285852193832,23571
2019-09-16,40.7272235,-74.0337589,23571
2019-09-16,40.71649,-74.04105,23572
2019-09-16,40.727595966,-74.044247311,23572
2019-09-16,40.7141454,-74.0335519,23573
2019-09-16,40.71458403535893,-74.04281705617905,23573
2019-09-16,40.7246050998869,-74.07840594649315,23574
2019-09-16,40.73089709786179,-74.06391263008118,23574
2019-09-16,40.72333158646436,-74.04595255851744,23575
2019-09-16,40.72568548362901,-74.04879033565521,23575
2019-09-16,40.71687,-74.03281,23576
2019-09-16,40.7192517,-74.034234,23576
2019-09-16,40.727595966,-74.044247311,23577
2019-09-16,40.72528910781132,-74.04557168483734,23577
2019-09-16,40.7211236,-74.03805095,23578
2019-09-16,40.727595966,-74.044247311,23578
2019-09-16,40.72528910781132,-74.04557168483734,23579
2019-09-16,40.7211236,-74.03805095,23579
2019-09-16,40.71649,-74.04105,23580
2019-09-16,40.72528910781132,-74.04557168483734,23580
2019-09-16,40.71649,-74.04105,23581
2019-09-16,40.71517767732029,-74.03768330812454,23581
2019-09-16,40.72152515,-74.046304543,23582
2019-09-16,40.727595966,-74.044247311,23582
2019-09-16,40.727595966,-74.044247311,23583
2019-09-16,40.71848892,-74.047726625,23583
2019-09-16,40.7127742,-74.0364857,23584
2019-09-16,40.72152515,-74.046304543,23584
2019-09-16,40.71649,-74.04105,23585
2019-09-16,40.7177325,-74.043845,23585
2019-09-16,40.72333158646436,-74.04595255851744,23586
2019-09-16,40.72568548362901,-74.04879033565521,23586
2019-09-16,40.727595966,-74.044247311,23587
2019-09-16,40.72601172964625,-74.05038893222809,23587
2019-09-16,40.71649,-74.04105,23588
2019-09-16,40.727595966,-74.044247311,23588
2019-09-16,40.73367,-74.0625,23589
2019-09-16,40.734785818,-74.050443636,23589
2019-09-16,40.727595966,-74.044247311,23590
2019-09-16,40.72528910781132,-74.04557168483734,23590
2019-09-16,40.7241765,-74.0506564,23591
2019-09-16,40.71687,-74.03281,23591
2019-09-16,40.72333158646436,-74.04595255851744,23592
2019-09-16,40.72568548362901,-74.04879033565521,23592
2019-09-16,40.7192517,-74.034234,23593
2019-09-16,40.71649,-74.04105,23593
2019-09-16,40.7272235,-74.0337589,23594
2019-09-16,40.7242941,-74.0354826,23594
2019-09-16,40.7211236,-74.03805095,23595
2019-09-16,40.727595966,-74.044247311,23595
2019-09-16,40.72601172964625,-74.05038893222809,23596
2019-09-16,40.71958611647166,-74.04311746358871,23596
2019-09-16,40.74590996631558,-74.0572714805603,23597
2019-09-16,40.71687,-74.03281,23597
2019-09-16,40.72528910781132,-74.04557168483734,23598
2019-09-16,40.71687,-74.03281,23598
2019-09-16,40.72333158646436,-74.04595255851744,23599
2019-09-16,40.72528910781132,-74.04557168483734,23599
2019-09-16,40.7241765,-74.0506564,23600
2019-09-16,40.71687,-74.03281,23600
2019-09-16,40.73367,-74.0625,23601
2019-09-16,40.74590996631558,-74.0572714805603,23601
2019-09-16,40.7141454,-74.0335519,23602
2019-09-16,40.71517767732029,-74.03768330812454,23602
2019-09-16,40.727595966,-74.044247311,23603
2019-09-16,40.7211236,-74.03805095,23603
2019-09-16,40.71687,-74.03281,23604
2019-09-16,40.72568548362901,-74.04879033565521,23604
2019-09-16,40.72568548362901,-74.04879033565521,23605
2019-09-16,40.71687,-74.03281,23605
2019-09-16,40.71848892,-74.047726625,23606
2019-09-16,40.7112423,-74.0557013,23606
2019-09-16,40.71653978099194,-74.0496379137039,23607
2019-09-16,40.71848892,-74.047726625,23607
2019-09-16,40.7124188237569,-74.03852552175522,23608
2019-09-16,40.7272235,-74.0337589,23608
2019-09-16,40.7241765,-74.0506564,23609
2019-09-16,40.7211236,-74.03805095,23609
2019-09-16,40.7211236,-74.03805095,23610
2019-09-16,40.72528910781132,-74.04557168483734,23610
2019-09-16,40.73089709786179,-74.06391263008118,23611
2019-09-16,40.7211236,-74.03805095,23611
2019-09-16,40.71687,-74.03281,23612
2019-09-16,40.7272235,-74.0337589,23612
2019-09-16,40.71649,-74.04105,23613
2019-09-16,40.71649,-74.04105,23613
2019-09-16,40.7124188237569,-74.03852552175522,23614
2019-09-16,40.72601172964625,-74.05038893222809,23614
2019-09-16,40.7192517,-74.034234,23615
2019-09-16,40.7177325,-74.043845,23615
2019-09-16,40.73520838045357,-74.04696375131607,23616
2019-09-16,40.7287448,-74.0321082,23616
2019-09-16,40.727595966,-74.044247311,23617
2019-09-16,40.71687,-74.03281,23617
2019-09-16,40.71687,-74.03281,23618
2019-09-16,40.727595966,-74.044247311,23618
2019-09-16,40.73367,-74.0625,23619
2019-09-16,40.71687,-74.03281,23619
2019-09-16,40.72601172964625,-74.05038893222809,23620
2019-09-16,40.71649,-74.04105,23620
2019-09-16,40.71687,-74.03281,23621
2019-09-16,40.71458403535893,-74.04281705617905,23621
2019-09-16,40.73089709786179,-74.06391263008118,23622
2019-09-16,40.73089709786179,-74.06391263008118,23622
2019-09-16,40.71649,-74.04105,23623
2019-09-16,40.71687,-74.03281,23623
2019-09-16,40.7211236,-74.03805095,23624
2019-09-16,40.7272235,-74.0337589,23624
2019-09-16,40.71848892,-74.047726625,23625
2019-09-16,40.71835519823214,-74.03891444206238,23625
2019-09-16,40.72333158646436,-74.04595255851744,23626
2019-09-16,40.7272235,-74.0337589,23626
2019-09-16,40.7127742,-74.0364857,23627
2019-09-16,40.71346382669195,-74.06285852193832,23627
2019-09-16,40.727595966,-74.044247311,23628
2019-09-16,40.71687,-74.03281,23628
2019-09-16,40.727595966,-74.044247311,23629
2019-09-16,40.71687,-74.03281,23629
2019-09-16,40.72333158646436,-74.04595255851744,23630
2019-09-16,40.72333158646436,-74.04595255851744,23630
2019-09-16,40.73089709786179,-74.06391263008118,23631
2019-09-16,40.72755146730012,-74.07106071710587,23631
2019-09-16,40.742677141,-74.051788633,23632
2019-09-16,40.73089709786179,-74.06391263008118,23632
2019-09-16,40.72333158646436,-74.04595255851744,23633
2019-09-16,40.727595966,-74.044247311,23633
2019-09-16,40.7127742,-74.0364857,23634
2019-09-16,40.72333158646436,-74.04595255851744,23634
2019-09-16,40.71835519823214,-74.03891444206238,23635
2019-09-16,40.71687,-74.03281,23635
2019-09-16,40.727595966,-74.044247311,23636
2019-09-16,40.7192517,-74.034234,23636
2019-09-16,40.73089709786179,-74.06391263008118,23637
2019-09-16,40.7246050998869,-74.07840594649315,23637
2019-09-16,40.727595966,-74.044247311,23638
2019-09-16,40.72333158646436,-74.04595255851744,23638
2019-09-16,40.71458403535893,-74.04281705617905,23639
2019-09-16,40.71687,-74.03281,23639
2019-09-16,40.71458403535893,-74.04281705617905,23640
2019-09-16,40.71687,-74.03281,23640
2019-09-16,40.7141454,-74.0335519,23641
2019-09-16,40.7112423,-74.0557013,23641
2019-09-16,40.72568548362901,-74.04879033565521,23642
2019-09-16,40.72333158646436,-74.04595255851744,23642
2019-09-16,40.7211236,-74.03805095,23643
2019-09-16,40.7241765,-74.0506564,23643
2019-09-16,40.71848892,-74.047726625,23644
2019-09-16,40.7192517,-74.034234,23644
2019-09-16,40.7272235,-74.0337589,23645
2019-09-16,40.71687,-74.03281,23645
2019-09-16,40.748715945380226,-74.04044330120087,23646
2019-09-16,40.71687,-74.03281,23646
2019-09-16,40.71687,-74.03281,23647
2019-09-16,40.71848892,-74.047726625,23647
2019-09-16,40.727595966,-74.044247311,23648
2019-09-16,40.71687,-74.03281,23648
2019-09-16,40.7287448,-74.0321082,23649
2019-09-16,40.71687,-74.03281,23649
2019-09-16,40.727595966,-74.044247311,23650
2019-09-16,40.72152515,-74.046304543,23650
2019-09-16,40.72152515,-74.046304543,23651
2019-09-16,40.71958611647166,-74.04311746358871,23651
2019-09-16,40.71649,-74.04105,23652
2019-09-16,40.72333158646436,-74.04595255851744,23652
2019-09-16,40.71687,-74.03281,23653
2019-09-16,40.72152515,-74.046304543,23653
2019-09-16,40.72152515,-74.046304543,23654
2019-09-16,40.71958611647166,-74.04311746358871,23654
2019-09-16,40.7272235,-74.0337589,23655
2019-09-16,40.71687,-74.03281,23655
2019-09-16,40.73089709786179,-74.06391263008118,23656
2019-09-16,40.72755146730012,-74.07106071710587,23656
2019-09-16,40.71649,-74.04105,23657
2019-09-16,40.71687,-74.03281,23657
2019-09-16,40.734961020009514,-74.0595030784607,23658
2019-09-16,40.71687,-74.03281,23658
2019-09-16,40.7241765,-74.0506564,23659
2019-09-16,40.71687,-74.03281,23659
2019-09-16,40.7211236,-74.03805095,23660
2019-09-16,40.72152515,-74.046304543,23660
2019-09-16,40.72333158646436,-74.04595255851744,23661
2019-09-16,40.7177325,-74.043845,23661
2019-09-16,40.7192517,-74.034234,23662
2019-09-16,40.73089709786179,-74.06391263008118,23662
2019-09-16,40.734961020009514,-74.0595030784607,23663
2019-09-16,40.73367,-74.0625,23663
2019-09-16,40.7127742,-74.0364857,23664
2019-09-16,40.7124188237569,-74.03852552175522,23664
2019-09-16,40.72528910781132,-74.04557168483734,23665
2019-09-16,40.72333158646436,-74.04595255851744,23665
2019-09-16,40.72568548362901,-74.04879033565521,23666
2019-09-16,40.72333158646436,-74.04595255851744,23666
2019-09-16,40.7177325,-74.043845,23667
2019-09-16,40.71687,-74.03281,23667
2019-09-16,40.72333158646436,-74.04595255851744,23668
2019-09-16,40.72601172964625,-74.05038893222809,23668
2019-09-16,40.7177325,-74.043845,23669
2019-09-16,40.71848892,-74.047726625,23669
2019-09-16,40.72568548362901,-74.04879033565521,23670
2019-09-16,40.7177325,-74.043845,23670
2019-09-16,40.74590996631558,-74.0572714805603,23671
2019-09-16,40.73367,-74.0625,23671
2019-09-16,40.7241765,-74.0506564,23672
2019-09-16,40.71958611647166,-74.04311746358871,23672
2019-09-16,40.7253399253558,-74.06762212514877,23673
2019-09-16,40.71649,-74.04105,23673
2019-09-16,40.71687,-74.03281,23674
2019-09-16,40.74590996631558,-74.0572714805603,23674
2019-09-16,40.7192517,-74.034234,23675
2019-09-16,40.71958611647166,-74.04311746358871,23675
2019-09-16,40.727595966,-74.044247311,23676
2019-09-16,40.71649,-74.04105,23676
2019-09-16,40.71649,-74.04105,23677
2019-09-16,40.71687,-74.03281,23677
2019-09-16,40.73089709786179,-74.06391263008118,23678
2019-09-16,40.7253399253558,-74.06762212514877,23678
2019-09-16,40.7211236,-74.03805095,23679
2019-09-16,40.71687,-74.03281,23679
2019-09-16,40.72333158646436,-74.04595255851744,23680
2019-09-16,40.727595966,-74.044247311,23680
2019-09-16,40.7253399253558,-74.06762212514877,23681
2019-09-16,40.73089709786179,-74.06391263008118,23681
2019-09-16,40.71958611647166,-74.04311746358871,23682
2019-09-16,40.727595966,-74.044247311,23682
2019-09-16,40.71958611647166,-74.04311746358871,23683
2019-09-16,40.71653978099194,-74.0496379137039,23683
2019-09-16,40.727595966,-74.044247311,23684
2019-09-16,40.71687,-74.03281,23684
2019-09-16,40.73089709786179,-74.06391263008118,23685
2019-09-16,40.742677141,-74.051788633,23685
2019-09-16,40.7141454,-74.0335519,23686
2019-09-16,40.71458403535893,-74.04281705617905,23686
2019-09-16,40.72152515,-74.046304543,23687
2019-09-16,40.727595966,-74.044247311,23687
2019-09-16,40.7272235,-74.0337589,23688
2019-09-16,40.71835519823214,-74.03891444206238,23688
2019-09-16,40.7241765,-74.0506564,23689
2019-09-16,40.71835519823214,-74.03891444206238,23689
2019-09-16,40.7287448,-74.0321082,23690
2019-09-16,40.71958611647166,-74.04311746358871,23690
2019-09-16,40.71958611647166,-74.04311746358871,23691
2019-09-16,40.7287448,-74.0321082,23691
2019-09-16,40.71958611647166,-74.04311746358871,23692
2019-09-16,40.727595966,-74.044247311,23692
2019-09-16,40.727595966,-74.044247311,23693
2019-09-16,40.73520838045357,-74.04696375131607,23693
2019-09-16,40.7182113,-74.0836394,23694
2019-09-16,40.71958611647166,-74.04311746358871,23694
2019-09-16,40.71687,-74.03281,23695
2019-09-16,40.71958611647166,-74.04311746358871,23695
2019-09-16,40.7272235,-74.0337589,23696
2019-09-16,40.71687,-74.03281,23696
2019-09-16,40.71835519823214,-74.03891444206238,23697
2019-09-16,40.7272235,-74.0337589,23697
2019-09-16,40.71517767732029,-74.03768330812454,23698
2019-09-16,40.71958611647166,-74.04311746358871,23698
2019-09-16,40.72333158646436,-74.04595255851744,23699
2019-09-16,40.727595966,-74.044247311,23699
2019-09-16,40.7211236,-74.03805095,23700
2019-09-16,40.71848892,-74.047726625,23700
2019-09-16,40.73089709786179,-74.06391263008118,23701
2019-09-16,40.7253399253558,-74.06762212514877,23701
2019-09-16,40.73367,-74.0625,23702
2019-09-16,40.73367,-74.0625,23702
2019-09-16,40.71848892,-74.047726625,23703
2019-09-16,40.727595966,-74.044247311,23703
2019-09-16,40.72333158646436,-74.04595255851744,23704
2019-09-16,40.71958611647166,-74.04311746358871,23704
2019-09-16,40.73089709786179,-74.06391263008118,23705
2019-09-16,40.72572613742557,-74.07195925712585,23705
2019-09-16,40.7141454,-74.0335519,23706
2019-09-16,40.71458403535893,-74.04281705617905,23706
2019-09-16,40.7242941,-74.0354826,23707
2019-09-16,40.71942,-74.05099,23707
2019-09-16,40.7211236,-74.03805095,23708
2019-09-16,40.727595966,-74.044247311,23708
2019-09-16,40.7211236,-74.03805095,23709
2019-09-16,40.71835519823214,-74.03891444206238,23709
2019-09-16,40.721650724879986,-74.04288411140442,23710
2019-09-16,40.727595966,-74.044247311,23710
2019-09-16,40.7242941,-74.0354826,23711
2019-09-16,40.727595966,-74.044247311,23711
2019-09-16,40.727595966,-74.044247311,23712
2019-09-16,40.72333158646436,-74.04595255851744,23712
2019-09-16,40.727595966,-74.044247311,23713
2019-09-16,40.7241765,-74.0506564,23713
2019-09-16,40.72601172964625,-74.05038893222809,23714
2019-09-16,40.72528910781132,-74.04557168483734,23714
2019-09-16,40.7253399253558,-74.06762212514877,23715
2019-09-16,40.73089709786179,-74.06391263008118,23715
2019-09-16,40.7211236,-74.03805095,23716
2019-09-16,40.71687,-74.03281,23716
2019-09-16,40.748715945380226,-74.04044330120087,23717
2019-09-16,40.7287448,-74.0321082,23717
2019-09-16,40.72528910781132,-74.04557168483734,23718
2019-09-16,40.71958611647166,-74.04311746358871,23718
2019-09-16,40.72572613742557,-74.07195925712585,23719
2019-09-16,40.73089709786179,-74.06391263008118,23719
2019-09-16,40.71958611647166,-74.04311746358871,23720
2019-09-16,40.72333158646436,-74.04595255851744,23720
2019-09-16,40.7127742,-74.0364857,23721
2019-09-16,40.71958611647166,-74.04311746358871,23721
2019-09-16,40.72152515,-74.046304543,23722
2019-09-16,40.7311689,-74.0575736,23722
2019-09-16,40.71687,-74.03281,23723
2019-09-16,40.7127742,-74.0364857,23723
2019-09-16,40.72152515,-74.046304543,23724
2019-09-16,40.7211236,-74.03805095,23724
2019-09-16,40.72152515,-74.046304543,23725
2019-09-16,40.71435836870427,-74.06661093235016,23725
2019-09-16,40.71958611647166,-74.04311746358871,23726
2019-09-16,40.727595966,-74.044247311,23726
2019-09-16,40.71958611647166,-74.04311746358871,23727
2019-09-16,40.7287448,-74.0321082,23727
2019-09-16,40.7287448,-74.0321082,23728
2019-09-16,40.71958611647166,-74.04311746358871,23728
2019-09-16,40.71958611647166,-74.04311746358871,23729
2019-09-16,40.71848892,-74.047726625,23729
2019-09-16,40.71687,-74.03281,23730
2019-09-16,40.7211236,-74.03805095,23730
2019-09-16,40.72333158646436,-74.04595255851744,23731
2019-09-16,40.72333158646436,-74.04595255851744,23731
2019-09-16,40.71958611647166,-74.04311746358871,23732
2019-09-16,40.72601172964625,-74.05038893222809,23732
2019-09-16,40.71942,-74.05099,23733
2019-09-16,40.7272235,-74.0337589,23733
2019-09-16,40.7124188237569,-74.03852552175522,23734
2019-09-16,40.7211236,-74.03805095,23734
2019-09-16,40.71835519823214,-74.03891444206238,23735
2019-09-16,40.71848892,-74.047726625,23735
2019-09-16,40.72333158646436,-74.04595255851744,23736
2019-09-16,40.72333158646436,-74.04595255851744,23736
2019-09-16,40.7127742,-74.0364857,23737
2019-09-16,40.7272235,-74.0337589,23737
2019-09-16,40.7127742,-74.0364857,23738
2019-09-16,40.73367,-74.0625,23738
2019-09-16,40.71958611647166,-74.04311746358871,23739
2019-09-16,40.71958611647166,-74.04311746358871,23739
2019-09-16,40.72333158646436,-74.04595255851744,23740
2019-09-16,40.71958611647166,-74.04311746358871,23740
2019-09-16,40.727595966,-74.044247311,23741
2019-09-16,40.71958611647166,-74.04311746358871,23741
2019-09-16,40.71942,-74.05099,23742
2019-09-16,40.7211236,-74.03805095,23742
2019-09-16,40.7177325,-74.043845,23743
2019-09-16,40.7177325,-74.043845,23743
2019-09-16,40.7272235,-74.0337589,23744
2019-09-16,40.7287448,-74.0321082,23744
2019-09-16,40.7124188237569,-74.03852552175522,23745
2019-09-16,40.71517767732029,-74.03768330812454,23745
2019-09-16,40.727595966,-74.044247311,23746
2019-09-16,40.71958611647166,-74.04311746358871,23746
2019-09-16,40.71958611647166,-74.04311746358871,23747
2019-09-16,40.72601172964625,-74.05038893222809,23747
2019-09-16,40.71958611647166,-74.04311746358871,23748
2019-09-16,40.72601172964625,-74.05038893222809,23748
2019-09-16,40.71848892,-74.047726625,23749
2019-09-16,40.7177325,-74.043845,23749
2019-09-16,40.71835519823214,-74.03891444206238,23750
2019-09-16,40.7287448,-74.0321082,23750
2019-09-16,40.727595966,-74.044247311,23751
2019-09-16,40.7287448,-74.0321082,23751
2019-09-16,40.727595966,-74.044247311,23752
2019-09-16,40.7287448,-74.0321082,23752
2019-09-16,40.71848892,-74.047726625,23753
2019-09-16,40.71958611647166,-74.04311746358871,23753
2019-09-16,40.71848892,-74.047726625,23754
2019-09-16,40.7177325,-74.043845,23754
2019-09-16,40.73367,-74.0625,23755
2019-09-16,40.73367,-74.0625,23755
2019-09-16,40.71835519823214,-74.03891444206238,23756
2019-09-16,40.7192517,-74.034234,23756
2019-09-16,40.71958611647166,-74.04311746358871,23757
2019-09-16,40.71958611647166,-74.04311746358871,23757
2019-09-16,40.727595966,-74.044247311,23758
2019-09-16,40.721650724879986,-74.04288411140442,23758
2019-09-16,40.7287448,-74.0321082,23759
2019-09-16,40.72568548362901,-74.04879033565521,23759
2019-09-16,40.71942,-74.05099,23760
2019-09-16,40.7177325,-74.043845,23760
2019-09-16,40.7177325,-74.043845,23761
2019-09-16,40.71848892,-74.047726625,23761
2019-09-16,40.72152515,-74.046304543,23762
2019-09-16,40.7192517,-74.034234,23762
2019-09-16,40.73089709786179,-74.06391263008118,23763
2019-09-16,40.7246050998869,-74.07840594649315,23763
2019-09-16,40.71958611647166,-74.04311746358871,23764
2019-09-16,40.71517767732029,-74.03768330812454,23764
2019-09-16,40.71517767732029,-74.03768330812454,23765
2019-09-16,40.71517767732029,-74.03768330812454,23765
2019-09-16,40.7287448,-74.0321082,23766
2019-09-16,40.727595966,-74.044247311,23766
2019-09-16,40.71958611647166,-74.04311746358871,23767
2019-09-16,40.72601172964625,-74.05038893222809,23767
2019-09-16,40.7287448,-74.0321082,23768
2019-09-16,40.727595966,-74.044247311,23768
2019-09-16,40.71435836870427,-74.06661093235016,23769
2019-09-16,40.72152515,-74.046304543,23769
2019-09-16,40.7177325,-74.043845,23770
2019-09-16,40.71848892,-74.047726625,23770
2019-09-16,40.73089709786179,-74.06391263008118,23771
2019-09-16,40.7253399253558,-74.06762212514877,23771
2019-09-16,40.71958611647166,-74.04311746358871,23772
2019-09-16,40.7253399253558,-74.06762212514877,23772
2019-09-16,40.7242941,-74.0354826,23773
2019-09-16,40.7272235,-74.0337589,23773
2019-09-16,40.71958611647166,-74.04311746358871,23774
2019-09-16,40.727595966,-74.044247311,23774
2019-09-16,40.73520838045357,-74.04696375131607,23775
2019-09-16,40.7272235,-74.0337589,23775
2019-09-16,40.7124188237569,-74.03852552175522,23776
2019-09-16,40.7127742,-74.0364857,23776
2019-09-16,40.7242941,-74.0354826,23777
2019-09-16,40.7242941,-74.0354826,23777
2019-09-16,40.71653978099194,-74.0496379137039,23778
2019-09-16,40.71517767732029,-74.03768330812454,23778
2019-09-16,40.727595966,-74.044247311,23779
2019-09-16,40.727595966,-74.044247311,23779
2019-09-16,40.72152515,-74.046304543,23780
2019-09-16,40.71346382669195,-74.06285852193832,23780
2019-09-16,40.7242941,-74.0354826,23781
2019-09-16,40.7177325,-74.043845,23781
2019-09-16,40.71848892,-74.047726625,23782
2019-09-16,40.721650724879986,-74.04288411140442,23782
2019-09-16,40.7241765,-74.0506564,23783
2019-09-16,40.71835519823214,-74.03891444206238,23783
2019-09-16,40.727595966,-74.044247311,23784
2019-09-16,40.71958611647166,-74.04311746358871,23784
2019-09-16,40.71687,-74.03281,23785
2019-09-16,40.71687,-74.03281,23785
2019-09-16,40.71958611647166,-74.04311746358871,23786
2019-09-16,40.7253399253558,-74.06762212514877,23786
2019-09-16,40.72568548362901,-74.04879033565521,23787
2019-09-16,40.72152515,-74.046304543,23787
2019-09-16,40.7124188237569,-74.03852552175522,23788
2019-09-16,40.71687,-74.03281,23788
2019-09-16,40.71958611647166,-74.04311746358871,23789
2019-09-16,40.7242941,-74.0354826,23789
2019-09-16,40.71848892,-74.047726625,23790
2019-09-16,40.71958611647166,-74.04311746358871,23790
2019-09-16,40.7177325,-74.043845,23791
2019-09-16,40.71435836870427,-74.06661093235016,23791
2019-09-16,40.71835519823214,-74.03891444206238,23792
2019-09-16,40.71848892,-74.047726625,23792
2019-09-16,40.71687,-74.03281,23793
2019-09-16,40.7192517,-74.034234,23793
2019-09-16,40.71958611647166,-74.04311746358871,23794
2019-09-16,40.7127742,-74.0364857,23794
2019-09-16,40.7192517,-74.034234,23795
2019-09-16,40.7272235,-74.0337589,23795
2019-09-16,40.721650724879986,-74.04288411140442,23796
2019-09-16,40.72333158646436,-74.04595255851744,23796
2019-09-16,40.71649,-74.04105,23797
2019-09-16,40.71649,-74.04105,23797
2019-09-16,40.7177325,-74.043845,23798
2019-09-16,40.71687,-74.03281,23798
2019-09-16,40.7211236,-74.03805095,23799
2019-09-16,40.727595966,-74.044247311,23799
2019-09-16,40.7311689,-74.0575736,23800
2019-09-16,40.71835519823214,-74.03891444206238,23800
2019-09-16,40.7192517,-74.034234,23801
2019-09-16,40.7242941,-74.0354826,23801
2019-09-16,40.7242941,-74.0354826,23802
2019-09-16,40.7192517,-74.034234,23802
2019-09-16,40.73367,-74.0625,23803
2019-09-16,40.73367,-74.0625,23803
2019-09-16,40.71958611647166,-74.04311746358871,23804
2019-09-16,40.727595966,-74.044247311,23804
2019-09-16,40.72152515,-74.046304543,23805
2019-09-16,40.721630142638354,-74.04996782541275,23805
2019-09-16,40.71687,-74.03281,23806
2019-09-16,40.7192517,-74.034234,23806
2019-09-16,40.71517767732029,-74.03768330812454,23807
2019-09-16,40.7211236,-74.03805095,23807
2019-09-16,40.7127742,-74.0364857,23808
2019-09-16,40.71958611647166,-74.04311746358871,23808
2019-09-16,40.71346382669195,-74.06285852193832,23809
2019-09-16,40.72152515,-74.046304543,23809
2019-09-16,40.7272235,-74.0337589,23810
2019-09-16,40.7211236,-74.03805095,23810
2019-09-16,40.7242941,-74.0354826,23811
2019-09-16,40.7141454,-74.0335519,23811
2019-09-16,40.727595966,-74.044247311,23812
2019-09-16,40.7177325,-74.043845,23812
2019-09-16,40.71958611647166,-74.04311746358871,23813
2019-09-16,40.721630142638354,-74.04996782541275,23813
2019-09-16,40.7241765,-74.0506564,23814
2019-09-16,40.7241765,-74.0506564,23814
2019-09-16,40.7141454,-74.0335519,23815
2019-09-16,40.7127742,-74.0364857,23815
2019-09-16,40.72152515,-74.046304543,23816
2019-09-16,40.71458403535893,-74.04281705617905,23816
2019-09-16,40.71835519823214,-74.03891444206238,23817
2019-09-16,40.71687,-74.03281,23817
2019-09-16,40.72152515,-74.046304543,23818
2019-09-16,40.7192517,-74.034234,23818
2019-09-16,40.7177325,-74.043845,23819
2019-09-16,40.71687,-74.03281,23819
2019-09-16,40.71958611647166,-74.04311746358871,23820
2019-09-16,40.7124188237569,-74.03852552175522,23820
2019-09-16,40.71687,-74.03281,23821
2019-09-16,40.72568548362901,-74.04879033565521,23821
2019-09-16,40.72528910781132,-74.04557168483734,23822
2019-09-16,40.71958611647166,-74.04311746358871,23822
2019-09-16,40.7141454,-74.0335519,23823
2019-09-16,40.7127742,-74.0364857,23823
2019-09-16,40.7272235,-74.0337589,23824
2019-09-16,40.727595966,-74.044247311,23824
2019-09-16,40.7141454,-74.0335519,23825
2019-09-16,40.71458403535893,-74.04281705617905,23825
2019-09-16,40.71958611647166,-74.04311746358871,23826
2019-09-16,40.7242941,-74.0354826,23826
2019-09-16,40.71958611647166,-74.04311746358871,23827
2019-09-16,40.7242941,-74.0354826,23827
2019-09-16,40.71958611647166,-74.04311746358871,23828
2019-09-16,40.72568548362901,-74.04879033565521,23828
2019-09-16,40.7127742,-74.0364857,23829
2019-09-16,40.7141454,-74.0335519,23829
2019-09-16,40.72152515,-74.046304543,23830
2019-09-16,40.71687,-74.03281,23830
2019-09-16,40.7253399253558,-74.06762212514877,23831
2019-09-16,40.727595966,-74.044247311,23831
2019-09-16,40.71687,-74.03281,23832
2019-09-16,40.72152515,-74.046304543,23832
2019-09-16,40.7192517,-74.034234,23833
2019-09-16,40.71687,-74.03281,23833
2019-09-16,40.7272235,-74.0337589,23834
2019-09-16,40.7242941,-74.0354826,23834
2019-09-16,40.7242941,-74.0354826,23835
2019-09-16,40.7127742,-74.0364857,23835
2019-09-16,40.7242941,-74.0354826,23836
2019-09-16,40.7242941,-74.0354826,23836
2019-09-16,40.71958611647166,-74.04311746358871,23837
2019-09-16,40.7141454,-74.0335519,23837
2019-09-16,40.72152515,-74.046304543,23838
2019-09-16,40.7141454,-74.0335519,23838
2019-09-16,40.71687,-74.03281,23839
2019-09-16,40.71517767732029,-74.03768330812454,23839
2019-09-16,40.71958611647166,-74.04311746358871,23840
2019-09-16,40.7141454,-74.0335519,23840
2019-09-16,40.71958611647166,-74.04311746358871,23841
2019-09-16,40.7141454,-74.0335519,23841
2019-09-16,40.7127742,-74.0364857,23842
2019-09-16,40.7141454,-74.0335519,23842
2019-09-16,40.7192517,-74.034234,23843
2019-09-16,40.71517767732029,-74.03768330812454,23843
2019-09-16,40.727595966,-74.044247311,23844
2019-09-16,40.7192517,-74.034234,23844
2019-09-16,40.7192517,-74.034234,23845
2019-09-16,40.72152515,-74.046304543,23845
2019-09-16,40.71687,-74.03281,23846
2019-09-16,40.71458403535893,-74.04281705617905,23846
2019-09-16,40.7192517,-74.034234,23847
2019-09-16,40.7192517,-74.034234,23847
2019-09-16,40.73089709786179,-74.06391263008118,23848
2019-09-16,40.7246050998869,-74.07840594649315,23848
2019-09-16,40.71958611647166,-74.04311746358871,23849
2019-09-16,40.71687,-74.03281,23849
2019-09-16,40.7211236,-74.03805095,23850
2019-09-16,40.727595966,-74.044247311,23850
2019-09-16,40.7141454,-74.0335519,23851
2019-09-16,40.7242941,-74.0354826,23851
2019-09-16,40.71653978099194,-74.0496379137039,23852
2019-09-16,40.727595966,-74.044247311,23852
2019-09-16,40.7287448,-74.0321082,23853
2019-09-16,40.7242941,-74.0354826,23853
2019-09-16,40.71958611647166,-74.04311746358871,23854
2019-09-16,40.7242941,-74.0354826,23854
2019-09-16,40.727595966,-74.044247311,23855
2019-09-16,40.7211236,-74.03805095,23855
2019-09-16,40.7242941,-74.0354826,23856
2019-09-16,40.7141454,-74.0335519,23856
2019-09-16,40.7253399253558,-74.06762212514877,23857
2019-09-16,40.73089709786179,-74.06391263008118,23857
2019-09-16,40.71958611647166,-74.04311746358871,23858
2019-09-16,40.71848892,-74.047726625,23858
2019-09-16,40.71958611647166,-74.04311746358871,23859
2019-09-16,40.721630142638354,-74.04996782541275,23859
2019-09-16,40.72568548362901,-74.04879033565521,23860
2019-09-16,40.71958611647166,-74.04311746358871,23860
2019-09-16,40.7192517,-74.034234,23861
2019-09-16,40.7242941,-74.0354826,23861
2019-09-16,40.71958611647166,-74.04311746358871,23862
2019-09-16,40.7211236,-74.03805095,23862
2019-09-16,40.71835519823214,-74.03891444206238,23863
2019-09-16,40.7124188237569,-74.03852552175522,23863
2019-09-16,40.721650724879986,-74.04288411140442,23864
2019-09-16,40.71458403535893,-74.04281705617905,23864
2019-09-16,40.71687,-74.03281,23865
2019-09-16,40.7141454,-74.0335519,23865
2019-09-16,40.727595966,-74.044247311,23866
2019-09-16,40.7287448,-74.0321082,23866
2019-09-16,40.72152515,-74.046304543,23867
2019-09-16,40.7124188237569,-74.03852552175522,23867
2019-09-16,40.7246050998869,-74.07840594649315,23868
2019-09-16,40.7246050998869,-74.07840594649315,23868
2019-09-16,40.71687,-74.03281,23869
2019-09-16,40.73520838045357,-74.04696375131607,23869
2019-09-16,40.72333158646436,-74.04595255851744,23870
2019-09-16,40.7192517,-74.034234,23870
2019-09-16,40.71958611647166,-74.04311746358871,23871
2019-09-16,40.71458403535893,-74.04281705617905,23871
2019-09-16,40.71435836870427,-74.06661093235016,23872
2019-09-16,40.7211236,-74.03805095,23872
2019-09-16,40.721650724879986,-74.04288411140442,23873
2019-09-16,40.72528910781132,-74.04557168483734,23873
2019-09-16,40.71848892,-74.047726625,23874
2019-09-16,40.727595966,-74.044247311,23874
2019-09-16,40.7246050998869,-74.07840594649315,23875
2019-09-16,40.73089709786179,-74.06391263008118,23875
2019-09-16,40.71517767732029,-74.03768330812454,23876
2019-09-16,40.71958611647166,-74.04311746358871,23876
2019-09-16,40.7141454,-74.0335519,23877
2019-09-16,40.71687,-74.03281,23877
2019-09-16,40.72528910781132,-74.04557168483734,23878
2019-09-16,40.71958611647166,-74.04311746358871,23878
2019-09-16,40.71928220070702,-74.07126188278198,23879
2019-09-16,40.71435836870427,-74.06661093235016,23879
2019-09-16,40.7242941,-74.0354826,23880
2019-09-16,40.727595966,-74.044247311,23880
2019-09-16,40.72333158646436,-74.04595255851744,23881
2019-09-16,40.71687,-74.03281,23881
2019-09-16,40.72333158646436,-74.04595255851744,23882
2019-09-16,40.7272235,-74.0337589,23882
2019-09-16,40.7177325,-74.043845,23883
2019-09-16,40.727595966,-74.044247311,23883
2019-09-16,40.71458403535893,-74.04281705617905,23884
2019-09-16,40.7242941,-74.0354826,23884
2019-09-16,40.7211236,-74.03805095,23885
2019-09-16,40.727595966,-74.044247311,23885
2019-09-16,40.73089709786179,-74.06391263008118,23886
2019-09-16,40.7236589,-74.0641943,23886
2019-09-16,40.71958611647166,-74.04311746358871,23887
2019-09-16,40.72601172964625,-74.05038893222809,23887
2019-09-16,40.7124188237569,-74.03852552175522,23888
2019-09-16,40.7272235,-74.0337589,23888
2019-09-16,40.72528910781132,-74.04557168483734,23889
2019-09-16,40.73367,-74.0625,23889
2019-09-16,40.71958611647166,-74.04311746358871,23890
2019-09-16,40.72152515,-74.046304543,23890
2019-09-16,40.71687,-74.03281,23891
2019-09-16,40.72568548362901,-74.04879033565521,23891
2019-09-16,40.71958611647166,-74.04311746358871,23892
2019-09-16,40.71517767732029,-74.03768330812454,23892
2019-09-16,40.7177325,-74.043845,23893
2019-09-16,40.71517767732029,-74.03768330812454,23893
2019-09-16,40.7124188237569,-74.03852552175522,23894
2019-09-16,40.7242941,-74.0354826,23894
2019-09-16,40.7177325,-74.043845,23895
2019-09-16,40.71848892,-74.047726625,23895
2019-09-16,40.71848892,-74.047726625,23896
2019-09-16,40.7177325,-74.043845,23896
2019-09-16,40.7177325,-74.043845,23897
2019-09-16,40.71346382669195,-74.06285852193832,23897
2019-09-16,40.748715945380226,-74.04044330120087,23898
2019-09-16,40.7177325,-74.043845,23898
2019-09-16,40.7127742,-74.0364857,23899
2019-09-16,40.72152515,-74.046304543,23899
2019-09-16,40.73089709786179,-74.06391263008118,23900
2019-09-16,40.73089709786179,-74.06391263008118,23900
2019-09-16,40.71958611647166,-74.04311746358871,23901
2019-09-16,40.721630142638354,-74.04996782541275,23901
2019-09-16,40.71958611647166,-74.04311746358871,23902
2019-09-16,40.7211236,-74.03805095,23902
2019-09-16,40.7272235,-74.0337589,23903
2019-09-16,40.71835519823214,-74.03891444206238,23903
2019-09-16,40.73089709786179,-74.06391263008118,23904
2019-09-16,40.7253399253558,-74.06762212514877,23904
2019-09-16,40.7192517,-74.034234,23905
2019-09-16,40.721650724879986,-74.04288411140442,23905
2019-09-16,40.7177325,-74.043845,23906
2019-09-16,40.71435836870427,-74.06661093235016,23906
2019-09-16,40.71958611647166,-74.04311746358871,23907
2019-09-16,40.7141454,-74.0335519,23907
2019-09-16,40.71958611647166,-74.04311746358871,23908
2019-09-16,40.7141454,-74.0335519,23908
2019-09-16,40.71958611647166,-74.04311746358871,23909
2019-09-16,40.7141454,-74.0335519,23909
2019-09-16,40.71958611647166,-74.04311746358871,23910
2019-09-16,40.7141454,-74.0335519,23910
2019-09-16,40.73089709786179,-74.06391263008118,23911
2019-09-16,40.7376037,-74.0524783,23911
2019-09-16,40.71517767732029,-74.03768330812454,23912
2019-09-16,40.721630142638354,-74.04996782541275,23912
2019-09-16,40.71958611647166,-74.04311746358871,23913
2019-09-16,40.72568548362901,-74.04879033565521,23913
2019-09-16,40.7141454,-74.0335519,23914
2019-09-16,40.71517767732029,-74.03768330812454,23914
2019-09-16,40.71458403535893,-74.04281705617905,23915
2019-09-16,40.71958611647166,-74.04311746358871,23915
2019-09-16,40.7141454,-74.0335519,23916
2019-09-16,40.7192517,-74.034234,23916
2019-09-16,40.71958611647166,-74.04311746358871,23917
2019-09-16,40.71942,-74.05099,23917
2019-09-16,40.71835519823214,-74.03891444206238,23918
2019-09-16,40.7141454,-74.0335519,23918
2019-09-16,40.73089709786179,-74.06391263008118,23919
2019-09-16,40.7253399253558,-74.06762212514877,23919
2019-09-16,40.7272235,-74.0337589,23920
2019-09-16,40.71835519823214,-74.03891444206238,23920
2019-09-16,40.73089709786179,-74.06391263008118,23922
2019-09-16,40.7253399253558,-74.06762212514877,23922
2019-09-16,40.72601172964625,-74.05038893222809,23923
2019-09-16,40.71958611647166,-74.04311746358871,23923
2019-09-16,40.727595966,-74.044247311,23924
2019-09-16,40.71848892,-74.047726625,23924
2019-09-16,40.7192517,-74.034234,23925
2019-09-16,40.72528910781132,-74.04557168483734,23925
2019-09-16,40.727595966,-74.044247311,23926
2019-09-16,40.71958611647166,-74.04311746358871,23926
2019-09-16,40.71687,-74.03281,23927
2019-09-16,40.71687,-74.03281,23927
2019-09-16,40.71687,-74.03281,23928
2019-09-16,40.7177325,-74.043845,23928
2019-09-16,40.721630142638354,-74.04996782541275,23929
2019-09-16,40.71517767732029,-74.03768330812454,23929
2019-09-16,40.71835519823214,-74.03891444206238,23930
2019-09-16,40.72333158646436,-74.04595255851744,23930
2019-09-16,40.71458403535893,-74.04281705617905,23931
2019-09-16,40.72152515,-74.046304543,23931
2019-09-16,40.71517767732029,-74.03768330812454,23932
2019-09-16,40.71687,-74.03281,23932
2019-09-16,40.71346382669195,-74.06285852193832,23933
2019-09-16,40.7177325,-74.043845,23933
2019-09-16,40.72152515,-74.046304543,23934
2019-09-16,40.7192517,-74.034234,23934
2019-09-16,40.7112423,-74.0557013,23935
2019-09-16,40.72572613742557,-74.07195925712585,23935
2019-09-16,40.71458403535893,-74.04281705617905,23936
2019-09-16,40.7141454,-74.0335519,23936
2019-09-16,40.72528910781132,-74.04557168483734,23937
2019-09-16,40.73367,-74.0625,23937
2019-09-16,40.7241765,-74.0506564,23938
2019-09-16,40.71942,-74.05099,23938
2019-09-16,40.71687,-74.03281,23939
2019-09-16,40.72333158646436,-74.04595255851744,23939
2019-09-16,40.71958611647166,-74.04311746358871,23940
2019-09-16,40.71458403535893,-74.04281705617905,23940
2019-09-16,40.72572613742557,-74.07195925712585,23941
2019-09-16,40.7112423,-74.0557013,23941
2019-09-16,40.7376037,-74.0524783,23942
2019-09-16,40.7241765,-74.0506564,23942
2019-09-16,40.71958611647166,-74.04311746358871,23943
2019-09-16,40.72528910781132,-74.04557168483734,23943
2019-09-16,40.7177325,-74.043845,23944
2019-09-16,40.71687,-74.03281,23944
2019-09-16,40.7141454,-74.0335519,23945
2019-09-16,40.7272235,-74.0337589,23945
2019-09-16,40.73089709786179,-74.06391263008118,23946
2019-09-16,40.7246050998869,-74.07840594649315,23946
2019-09-16,40.7192517,-74.034234,23947
2019-09-16,40.7141454,-74.0335519,23947
2019-09-16,40.7192517,-74.034234,23948
2019-09-16,40.72333158646436,-74.04595255851744,23948
2019-09-16,40.721630142638354,-74.04996782541275,23949
2019-09-16,40.71517767732029,-74.03768330812454,23949
2019-09-16,40.73089709786179,-74.06391263008118,23950
2019-09-16,40.71113,-74.0789,23950
2019-09-16,40.7177325,-74.043845,23951
2019-09-16,40.7443187,-74.0439909,23951
2019-09-16,40.7272235,-74.0337589,23952
2019-09-16,40.71835519823214,-74.03891444206238,23952
2019-09-16,40.7192517,-74.034234,23953
2019-09-16,40.727595966,-74.044247311,23953
2019-09-16,40.71458403535893,-74.04281705617905,23954
2019-09-16,40.7192517,-74.034234,23954
2019-09-16,40.7236589,-74.0641943,23955
2019-09-16,40.722103786686034,-74.07145500183105,23955
2019-09-16,40.71958611647166,-74.04311746358871,23956
2019-09-16,40.72528910781132,-74.04557168483734,23956
2019-09-16,40.72601172964625,-74.05038893222809,23957
2019-09-16,40.71958611647166,-74.04311746358871,23957
2019-09-16,40.71958611647166,-74.04311746358871,23958
2019-09-16,40.71458403535893,-74.04281705617905,23958
2019-09-16,40.72152515,-74.046304543,23959
2019-09-16,40.7192517,-74.034234,23959
2019-09-16,40.72755146730012,-74.07106071710587,23960
2019-09-16,40.73089709786179,-74.06391263008118,23960
2019-09-16,40.71458403535893,-74.04281705617905,23961
2019-09-16,40.7141454,-74.0335519,23961
2019-09-16,40.7192517,-74.034234,23962
2019-09-16,40.72333158646436,-74.04595255851744,23962
2019-09-16,40.7141454,-74.0335519,23963
2019-09-16,40.7272235,-74.0337589,23963
2019-09-16,40.7242941,-74.0354826,23964
2019-09-16,40.71458403535893,-74.04281705617905,23964
2019-09-16,40.7272235,-74.0337589,23965
2019-09-16,40.727595966,-74.044247311,23965
2019-09-16,40.734961020009514,-74.0595030784607,23966
2019-09-16,40.748715945380226,-74.04044330120087,23966
2019-09-16,40.727595966,-74.044247311,23967
2019-09-16,40.71848892,-74.047726625,23967
2019-09-16,40.71649,-74.04105,23968
2019-09-16,40.71958611647166,-74.04311746358871,23968
2019-09-16,40.71958611647166,-74.04311746358871,23969
2019-09-16,40.7112423,-74.0557013,23969
2019-09-16,40.71835519823214,-74.03891444206238,23970
2019-09-16,40.72152515,-74.046304543,23970
2019-09-16,40.7141454,-74.0335519,23971
2019-09-16,40.71835519823214,-74.03891444206238,23971
2019-09-16,40.71958611647166,-74.04311746358871,23972
2019-09-16,40.72152515,-74.046304543,23972
2019-09-16,40.7127742,-74.0364857,23973
2019-09-16,40.7141454,-74.0335519,23973
2019-09-16,40.7141454,-74.0335519,23974
2019-09-16,40.7127742,-74.0364857,23974
2019-09-16,40.7141454,-74.0335519,23975
2019-09-16,40.7112423,-74.0557013,23975
2019-09-16,40.71942,-74.05099,23976
2019-09-16,40.71848892,-74.047726625,23976
2019-09-16,40.71687,-74.03281,23977
2019-09-16,40.7211236,-74.03805095,23977
2019-09-16,40.734785818,-74.050443636,23978
2019-09-16,40.73089709786179,-74.06391263008118,23978
2019-09-16,40.71848892,-74.047726625,23979
2019-09-16,40.7177325,-74.043845,23979
2019-09-16,40.71649,-74.04105,23980
2019-09-16,40.71649,-74.04105,23980
2019-09-16,40.7127742,-74.0364857,23981
2019-09-16,40.71458403535893,-74.04281705617905,23981
2019-09-16,40.71958611647166,-74.04311746358871,23982
2019-09-16,40.71653978099194,-74.0496379137039,23982
2019-09-16,40.72568548362901,-74.04879033565521,23983
2019-09-16,40.71958611647166,-74.04311746358871,23983
2019-09-16,40.742677141,-74.051788633,23984
2019-09-16,40.73089709786179,-74.06391263008118,23984
2019-09-16,40.71458403535893,-74.04281705617905,23985
2019-09-16,40.7177325,-74.043845,23985
2019-09-16,40.71687,-74.03281,23986
2019-09-16,40.721630142638354,-74.04996782541275,23986
2019-09-16,40.71687,-74.03281,23987
2019-09-16,40.71517767732029,-74.03768330812454,23987
2019-09-16,40.72152515,-74.046304543,23988
2019-09-16,40.748715945380226,-74.04044330120087,23988
2019-09-16,40.71458403535893,-74.04281705617905,23989
2019-09-16,40.7177325,-74.043845,23989
2019-09-16,40.734785818,-74.050443636,23990
2019-09-16,40.742677141,-74.051788633,23990
2019-09-16,40.72333158646436,-74.04595255851744,23991
2019-09-16,40.71958611647166,-74.04311746358871,23991
2019-09-16,40.748715945380226,-74.04044330120087,23992
2019-09-16,40.72152515,-74.046304543,23992
2019-09-16,40.727595966,-74.044247311,23993
2019-09-16,40.71958611647166,-74.04311746358871,23993
2019-09-16,40.71958611647166,-74.04311746358871,23994
2019-09-16,40.71458403535893,-74.04281705617905,23994
2019-09-16,40.73520838045357,-74.04696375131607,23995
2019-09-16,40.7376037,-74.0524783,23995
2019-09-16,40.72572613742557,-74.07195925712585,23996
2019-09-16,40.73089709786179,-74.06391263008118,23996
2019-09-16,40.73089709786179,-74.06391263008118,23997
2019-09-16,40.72755146730012,-74.07106071710587,23997
2019-09-16,40.72601172964625,-74.05038893222809,23998
2019-09-16,40.71958611647166,-74.04311746358871,23998
2019-09-16,40.7141454,-74.0335519,23999
2019-09-16,40.727595966,-74.044247311,23999
2019-09-16,40.71958611647166,-74.04311746358871,24000
2019-09-16,40.7253399253558,-74.06762212514877,24000
2019-09-16,40.7242941,-74.0354826,24001
2019-09-16,40.7141454,-74.0335519,24001
2019-09-16,40.7242941,-74.0354826,24002
2019-09-16,40.7141454,-74.0335519,24002
2019-09-16,40.727595966,-74.044247311,24003
2019-09-16,40.7242941,-74.0354826,24003
2019-09-16,40.71958611647166,-74.04311746358871,24004
2019-09-16,40.7253399253558,-74.06762212514877,24004
2019-09-16,40.71848892,-74.047726625,24005
2019-09-16,40.71653978099194,-74.0496379137039,24005
2019-09-16,40.71435836870427,-74.06661093235016,24006
2019-09-16,40.71435836870427,-74.06661093235016,24006
2019-09-16,40.72152515,-74.046304543,24007
2019-09-16,40.727595966,-74.044247311,24007
2019-09-16,40.71958611647166,-74.04311746358871,24008
2019-09-16,40.71458403535893,-74.04281705617905,24008
2019-09-16,40.71687,-74.03281,24009
2019-09-16,40.7211236,-74.03805095,24009
2019-09-16,40.71687,-74.03281,24010
2019-09-16,40.7211236,-74.03805095,24010
2019-09-16,40.7376037,-74.0524783,24011
2019-09-16,40.742677141,-74.051788633,24011
2019-09-16,40.73089709786179,-74.06391263008118,24012
2019-09-16,40.7236589,-74.0641943,24012
2019-09-16,40.727595966,-74.044247311,24013
2019-09-16,40.7192517,-74.034234,24013
2019-09-16,40.7192517,-74.034234,24014
2019-09-16,40.7112423,-74.0557013,24014
2019-09-16,40.71958611647166,-74.04311746358871,24015
2019-09-16,40.71458403535893,-74.04281705617905,24015
2019-09-16,40.71958611647166,-74.04311746358871,24016
2019-09-16,40.71942,-74.05099,24016
2019-09-16,40.73089709786179,-74.06391263008118,24017
2019-09-16,40.7253399253558,-74.06762212514877,24017
2019-09-16,40.71649,-74.04105,24018
2019-09-16,40.7182113,-74.0836394,24018
2019-09-16,40.71958611647166,-74.04311746358871,24019
2019-09-16,40.72568548362901,-74.04879033565521,24019
2019-09-16,40.71958611647166,-74.04311746358871,24020
2019-09-16,40.727595966,-74.044247311,24020
2019-09-16,40.72152515,-74.046304543,24021
2019-09-16,40.71958611647166,-74.04311746358871,24021
2019-09-16,40.7192517,-74.034234,24022
2019-09-16,40.72152515,-74.046304543,24022
2019-09-16,40.71687,-74.03281,24023
2019-09-16,40.7124188237569,-74.03852552175522,24023
2019-09-16,40.7124188237569,-74.03852552175522,24024
2019-09-16,40.71958611647166,-74.04311746358871,24024
2019-09-16,40.7127742,-74.0364857,24025
2019-09-16,40.7192517,-74.034234,24025
2019-09-16,40.72568548362901,-74.04879033565521,24026
2019-09-16,40.71958611647166,-74.04311746358871,24026
2019-09-16,40.72572613742557,-74.07195925712585,24027
2019-09-16,40.7112423,-74.0557013,24027
2019-09-16,40.7112423,-74.0557013,24028
2019-09-16,40.72572613742557,-74.07195925712585,24028
2019-09-16,40.727595966,-74.044247311,24029
2019-09-16,40.71958611647166,-74.04311746358871,24029
2019-09-16,40.71458403535893,-74.04281705617905,24030
2019-09-16,40.71958611647166,-74.04311746358871,24030
2019-09-16,40.7211236,-74.03805095,24031
2019-09-16,40.72152515,-74.046304543,24031
2019-09-16,40.71835519823214,-74.03891444206238,24032
2019-09-16,40.72152515,-74.046304543,24032
2019-09-16,40.721650724879986,-74.04288411140442,24033
2019-09-16,40.7376037,-74.0524783,24033
2019-09-16,40.721650724879986,-74.04288411140442,24034
2019-09-16,40.7241765,-74.0506564,24034
2019-09-16,40.71687,-74.03281,24035
2019-09-16,40.71848892,-74.047726625,24035
2019-09-16,40.71958611647166,-74.04311746358871,24036
2019-09-16,40.727595966,-74.044247311,24036
2019-09-16,40.73089709786179,-74.06391263008118,24037
2019-09-16,40.72572613742557,-74.07195925712585,24037
2019-09-16,40.73367,-74.0625,24038
2019-09-16,40.7376037,-74.0524783,24038
2019-09-16,40.7192517,-74.034234,24039
2019-09-16,40.71687,-74.03281,24039
2019-09-16,40.7272235,-74.0337589,24040
2019-09-16,40.7192517,-74.034234,24040
2019-09-16,40.73367,-74.0625,24041
2019-09-16,40.74590996631558,-74.0572714805603,24041
2019-09-16,40.721630142638354,-74.04996782541275,24042
2019-09-16,40.72333158646436,-74.04595255851744,24042
2019-09-16,40.71958611647166,-74.04311746358871,24043
2019-09-16,40.7241765,-74.0506564,24043
2019-09-16,40.71958611647166,-74.04311746358871,24044
2019-09-16,40.727595966,-74.044247311,24044
2019-09-16,40.7141454,-74.0335519,24045
2019-09-16,40.727595966,-74.044247311,24045
2019-09-16,40.7124188237569,-74.03852552175522,24046
2019-09-16,40.71835519823214,-74.03891444206238,24046
2019-09-16,40.7141454,-74.0335519,24047
2019-09-16,40.7112423,-74.0557013,24047
2019-09-16,40.73089709786179,-74.06391263008118,24048
2019-09-16,40.721650724879986,-74.04288411140442,24048
2019-09-16,40.72528910781132,-74.04557168483734,24049
2019-09-16,40.71958611647166,-74.04311746358871,24049
2019-09-16,40.71435836870427,-74.06661093235016,24050
2019-09-16,40.71687,-74.03281,24050
2019-09-16,40.71848892,-74.047726625,24051
2019-09-16,40.71942,-74.05099,24051
2019-09-16,40.7287448,-74.0321082,24052
2019-09-16,40.7112423,-74.0557013,24052
2019-09-16,40.71958611647166,-74.04311746358871,24053
2019-09-16,40.72568548362901,-74.04879033565521,24053
2019-09-16,40.7112423,-74.0557013,24054
2019-09-16,40.71517767732029,-74.03768330812454,24054
2019-09-16,40.727595966,-74.044247311,24055
2019-09-16,40.7272235,-74.0337589,24055
2019-09-16,40.71958611647166,-74.04311746358871,24056
2019-09-16,40.727595966,-74.044247311,24056
2019-09-16,40.7376037,-74.0524783,24057
2019-09-16,40.71517767732029,-74.03768330812454,24057
2019-09-16,40.7253399253558,-74.06762212514877,24058
2019-09-16,40.73089709786179,-74.06391263008118,24058
2019-09-16,40.7272235,-74.0337589,24059
2019-09-16,40.7127742,-74.0364857,24059
2019-09-16,40.71687,-74.03281,24060
2019-09-16,40.72152515,-74.046304543,24060
2019-09-16,40.7192517,-74.034234,24061
2019-09-16,40.7272235,-74.0337589,24061
2019-09-16,40.71687,-74.03281,24062
2019-09-16,40.71653978099194,-74.0496379137039,24062
2019-09-16,40.7211236,-74.03805095,24063
2019-09-16,40.72152515,-74.046304543,24063
2019-09-16,40.742677141,-74.051788633,24064
2019-09-16,40.71653978099194,-74.0496379137039,24064
2019-09-16,40.7112423,-74.0557013,24065
2019-09-16,40.7177325,-74.043845,24065
2019-09-16,40.748715945380226,-74.04044330120087,24066
2019-09-16,40.71958611647166,-74.04311746358871,24066
2019-09-16,40.71958611647166,-74.04311746358871,24067
2019-09-16,40.71942,-74.05099,24067
2019-09-16,40.73520838045357,-74.04696375131607,24068
2019-09-16,40.73520838045357,-74.04696375131607,24068
2019-09-16,40.72601172964625,-74.05038893222809,24069
2019-09-16,40.748715945380226,-74.04044330120087,24069
2019-09-16,40.7192517,-74.034234,24070
2019-09-16,40.72333158646436,-74.04595255851744,24070
2019-09-16,40.71687,-74.03281,24071
2019-09-16,40.72568548362901,-74.04879033565521,24071
2019-09-16,40.7141454,-74.0335519,24072
2019-09-16,40.727595966,-74.044247311,24072
2019-09-16,40.71958611647166,-74.04311746358871,24073
2019-09-16,40.71517767732029,-74.03768330812454,24073
2019-09-16,40.71687,-74.03281,24074
2019-09-16,40.7192517,-74.034234,24074
2019-09-16,40.71687,-74.03281,24075
2019-09-16,40.72528910781132,-74.04557168483734,24075
2019-09-16,40.73089709786179,-74.06391263008118,24076
2019-09-16,40.7253399253558,-74.06762212514877,24076
2019-09-16,40.71958611647166,-74.04311746358871,24077
2019-09-16,40.727595966,-74.044247311,24077
2019-09-16,40.71346382669195,-74.06285852193832,24078
2019-09-16,40.71958611647166,-74.04311746358871,24078
2019-09-16,40.71687,-74.03281,24079
2019-09-16,40.71458403535893,-74.04281705617905,24079
2019-09-16,40.72568548362901,-74.04879033565521,24080
2019-09-16,40.71958611647166,-74.04311746358871,24080
2019-09-16,40.72333158646436,-74.04595255851744,24081
2019-09-16,40.71958611647166,-74.04311746358871,24081
2019-09-16,40.7192517,-74.034234,24082
2019-09-16,40.7192517,-74.034234,24082
2019-09-16,40.71687,-74.03281,24083
2019-09-16,40.7127742,-74.0364857,24083
2019-09-16,40.727595966,-74.044247311,24084
2019-09-16,40.7192517,-74.034234,24084
2019-09-16,40.71958611647166,-74.04311746358871,24085
2019-09-16,40.72601172964625,-74.05038893222809,24085
2019-09-16,40.71958611647166,-74.04311746358871,24086
2019-09-16,40.727595966,-74.044247311,24086
2019-09-16,40.71113,-74.0789,24087
2019-09-16,40.71958611647166,-74.04311746358871,24087
2019-09-16,40.7141454,-74.0335519,24088
2019-09-16,40.72601172964625,-74.05038893222809,24088
2019-09-16,40.71517767732029,-74.03768330812454,24089
2019-09-16,40.721630142638354,-74.04996782541275,24089
2019-09-16,40.7177325,-74.043845,24090
2019-09-16,40.7192517,-74.034234,24090
2019-09-16,40.73089709786179,-74.06391263008118,24091
2019-09-16,40.7182113,-74.0836394,24091
2019-09-16,40.7272235,-74.0337589,24092
2019-09-16,40.7192517,-74.034234,24092
2019-09-16,40.71517767732029,-74.03768330812454,24093
2019-09-16,40.7177325,-74.043845,24093
2019-09-16,40.7112423,-74.0557013,24094
2019-09-16,40.7211236,-74.03805095,24094
2019-09-16,40.7141454,-74.0335519,24095
2019-09-16,40.727595966,-74.044247311,24095
2019-09-16,40.7112423,-74.0557013,24096
2019-09-16,40.71958611647166,-74.04311746358871,24096
2019-09-16,40.71958611647166,-74.04311746358871,24097
2019-09-16,40.72333158646436,-74.04595255851744,24097
2019-09-16,40.71458403535893,-74.04281705617905,24098
2019-09-16,40.71517767732029,-74.03768330812454,24098
2019-09-16,40.7443187,-74.0439909,24099
2019-09-16,40.7272235,-74.0337589,24099
2019-09-16,40.7272235,-74.0337589,24100
2019-09-16,40.734785818,-74.050443636,24100
2019-09-16,40.71687,-74.03281,24101
2019-09-16,40.7124188237569,-74.03852552175522,24101
2019-09-16,40.7112423,-74.0557013,24102
2019-09-16,40.7112423,-74.0557013,24102
2019-09-16,40.7272235,-74.0337589,24103
2019-09-16,40.73520838045357,-74.04696375131607,24103
2019-09-16,40.71848892,-74.047726625,24104
2019-09-16,40.71835519823214,-74.03891444206238,24104
2019-09-16,40.72568548362901,-74.04879033565521,24105
2019-09-16,40.742677141,-74.051788633,24105
2019-09-16,40.71458403535893,-74.04281705617905,24106
2019-09-16,40.7124188237569,-74.03852552175522,24106
2019-09-16,40.71958611647166,-74.04311746358871,24107
2019-09-16,40.71848892,-74.047726625,24107
2019-09-16,40.73089709786179,-74.06391263008118,24108
2019-09-16,40.72572613742557,-74.07195925712585,24108
2019-09-16,40.71687,-74.03281,24109
2019-09-16,40.71958611647166,-74.04311746358871,24109
2019-09-16,40.7253399253558,-74.06762212514877,24110
2019-09-16,40.73089709786179,-74.06391263008118,24110
2019-09-16,40.71928220070702,-74.07126188278198,24111
2019-09-16,40.71687,-74.03281,24111
2019-09-16,40.721650724879986,-74.04288411140442,24112
2019-09-16,40.72528910781132,-74.04557168483734,24112
2019-09-16,40.72755146730012,-74.07106071710587,24113
2019-09-16,40.73089709786179,-74.06391263008118,24113
2019-09-16,40.7127742,-74.0364857,24114
2019-09-16,40.7112423,-74.0557013,24114
2019-09-16,40.7236589,-74.0641943,24115
2019-09-16,40.7253399253558,-74.06762212514877,24115
2019-09-16,40.7287448,-74.0321082,24116
2019-09-16,40.71835519823214,-74.03891444206238,24116
2019-09-16,40.7177325,-74.043845,24117
2019-09-16,40.71848892,-74.047726625,24117
2019-09-16,40.7141454,-74.0335519,24118
2019-09-16,40.72333158646436,-74.04595255851744,24118
2019-09-16,40.73089709786179,-74.06391263008118,24119
2019-09-16,40.7236589,-74.0641943,24119
2019-09-16,40.721650724879986,-74.04288411140442,24120
2019-09-16,40.72601172964625,-74.05038893222809,24120
2019-09-16,40.71958611647166,-74.04311746358871,24121
2019-09-16,40.71958611647166,-74.04311746358871,24121
2019-09-16,40.7242941,-74.0354826,24122
2019-09-16,40.7141454,-74.0335519,24122
2019-09-16,40.71653978099194,-74.0496379137039,24123
2019-09-16,40.7211236,-74.03805095,24123
2019-09-16,40.7177325,-74.043845,24124
2019-09-16,40.72572613742557,-74.07195925712585,24124
2019-09-16,40.721630142638354,-74.04996782541275,24125
2019-09-16,40.71958611647166,-74.04311746358871,24125
2019-09-16,40.7177325,-74.043845,24126
2019-09-16,40.71687,-74.03281,24126
2019-09-16,40.7192517,-74.034234,24127
2019-09-16,40.71687,-74.03281,24127
2019-09-16,40.71687,-74.03281,24128
2019-09-16,40.7192517,-74.034234,24128
2019-09-16,40.71958611647166,-74.04311746358871,24129
2019-09-16,40.71942,-74.05099,24129
2019-09-16,40.7376037,-74.0524783,24130
2019-09-16,40.73367,-74.0625,24130
2019-09-16,40.71958611647166,-74.04311746358871,24131
2019-09-16,40.72528910781132,-74.04557168483734,24131
2019-09-16,40.7272235,-74.0337589,24132
2019-09-16,40.721650724879986,-74.04288411140442,24132
2019-09-16,40.71687,-74.03281,24133
2019-09-16,40.734961020009514,-74.0595030784607,24133
2019-09-16,40.7242941,-74.0354826,24134
2019-09-16,40.71835519823214,-74.03891444206238,24134
2019-09-16,40.71958611647166,-74.04311746358871,24135
2019-09-16,40.72601172964625,-74.05038893222809,24135
2019-09-16,40.71687,-74.03281,24136
2019-09-16,40.7211236,-74.03805095,24136
2019-09-16,40.71958611647166,-74.04311746358871,24137
2019-09-16,40.71458403535893,-74.04281705617905,24137
2019-09-16,40.721650724879986,-74.04288411140442,24138
2019-09-16,40.7241765,-74.0506564,24138
2019-09-16,40.7192517,-74.034234,24139
2019-09-16,40.727595966,-74.044247311,24139
2019-09-16,40.71687,-74.03281,24140
2019-09-16,40.721630142638354,-74.04996782541275,24140
2019-09-16,40.7272235,-74.0337589,24141
2019-09-16,40.7141454,-74.0335519,24141
2019-09-16,40.7192517,-74.034234,24142
2019-09-16,40.71517767732029,-74.03768330812454,24142
2019-09-16,40.71687,-74.03281,24143
2019-09-16,40.7443187,-74.0439909,24143
2019-09-16,40.7192517,-74.034234,24144
2019-09-16,40.72333158646436,-74.04595255851744,24144
2019-09-16,40.7112423,-74.0557013,24145
2019-09-16,40.71687,-74.03281,24145
2019-09-16,40.71687,-74.03281,24146
2019-09-16,40.71835519823214,-74.03891444206238,24146
2019-09-16,40.7272235,-74.0337589,24147
2019-09-16,40.7287448,-74.0321082,24147
2019-09-16,40.7192517,-74.034234,24148
2019-09-16,40.7112423,-74.0557013,24148
2019-09-16,40.7272235,-74.0337589,24149
2019-09-16,40.72568548362901,-74.04879033565521,24149
2019-09-16,40.7272235,-74.0337589,24150
2019-09-16,40.7124188237569,-74.03852552175522,24150
2019-09-16,40.7242941,-74.0354826,24151
2019-09-16,40.71835519823214,-74.03891444206238,24151
2019-09-16,40.71687,-74.03281,24152
2019-09-16,40.7211236,-74.03805095,24152
2019-09-16,40.7192517,-74.034234,24153
2019-09-16,40.734785818,-74.050443636,24153
2019-09-16,40.7192517,-74.034234,24154
2019-09-16,40.7242941,-74.0354826,24154
2019-09-16,40.71687,-74.03281,24155
2019-09-16,40.71958611647166,-74.04311746358871,24155
2019-09-16,40.7211236,-74.03805095,24156
2019-09-16,40.7112423,-74.0557013,24156
2019-09-16,40.73367,-74.0625,24157
2019-09-16,40.73367,-74.0625,24157
2019-09-16,40.7242941,-74.0354826,24158
2019-09-16,40.71958611647166,-74.04311746358871,24158
2019-09-16,40.7272235,-74.0337589,24159
2019-09-16,40.71687,-74.03281,24159
2019-09-16,40.7272235,-74.0337589,24160
2019-09-16,40.727595966,-74.044247311,24160
2019-09-16,40.73367,-74.0625,24161
2019-09-16,40.742677141,-74.051788633,24161
2019-09-16,40.73089709786179,-74.06391263008118,24162
2019-09-16,40.72572613742557,-74.07195925712585,24162
2019-09-16,40.71113,-74.0789,24163
2019-09-16,40.73089709786179,-74.06391263008118,24163
2019-09-16,40.73089709786179,-74.06391263008118,24164
2019-09-16,40.7253399253558,-74.06762212514877,24164
2019-09-16,40.71958611647166,-74.04311746358871,24165
2019-09-16,40.72528910781132,-74.04557168483734,24165
2019-09-16,40.7246050998869,-74.07840594649315,24166
2019-09-16,40.73089709786179,-74.06391263008118,24166
2019-09-16,40.71958611647166,-74.04311746358871,24167
2019-09-16,40.727595966,-74.044247311,24167
2019-09-16,40.7272235,-74.0337589,24168
2019-09-16,40.7272235,-74.0337589,24168
2019-09-16,40.71958611647166,-74.04311746358871,24169
2019-09-16,40.72568548362901,-74.04879033565521,24169
2019-09-16,40.73367,-74.0625,24170
2019-09-16,40.7376037,-74.0524783,24170
2019-09-16,40.7192517,-74.034234,24171
2019-09-16,40.734961020009514,-74.0595030784607,24171
2019-09-16,40.7211236,-74.03805095,24172
2019-09-16,40.727595966,-74.044247311,24172
2019-09-16,40.7272235,-74.0337589,24173
2019-09-16,40.727595966,-74.044247311,24173
2019-09-16,40.71958611647166,-74.04311746358871,24174
2019-09-16,40.72528910781132,-74.04557168483734,24174
2019-09-16,40.73089709786179,-74.06391263008118,24175
2019-09-16,40.7112423,-74.0557013,24175
2019-09-16,40.7141454,-74.0335519,24176
2019-09-16,40.727595966,-74.044247311,24176
2019-09-16,40.7253399253558,-74.06762212514877,24177
2019-09-16,40.73089709786179,-74.06391263008118,24177
2019-09-16,40.7242941,-74.0354826,24178
2019-09-16,40.727595966,-74.044247311,24178
2019-09-16,40.7272235,-74.0337589,24179
2019-09-16,40.7211236,-74.03805095,24179
2019-09-16,40.7112423,-74.0557013,24180
2019-09-16,40.7272235,-74.0337589,24180
2019-09-16,40.727595966,-74.044247311,24181
2019-09-16,40.721650724879986,-74.04288411140442,24181
2019-09-16,40.73089709786179,-74.06391263008118,24182
2019-09-16,40.7246050998869,-74.07840594649315,24182
2019-09-16,40.7127742,-74.0364857,24183
2019-09-16,40.71958611647166,-74.04311746358871,24183
2019-09-16,40.72601172964625,-74.05038893222809,24184
2019-09-16,40.71958611647166,-74.04311746358871,24184
2019-09-16,40.71958611647166,-74.04311746358871,24185
2019-09-16,40.71458403535893,-74.04281705617905,24185
2019-09-16,40.7287448,-74.0321082,24186
2019-09-16,40.74590996631558,-74.0572714805603,24186
2019-09-16,40.72528910781132,-74.04557168483734,24187
2019-09-16,40.71649,-74.04105,24187
2019-09-16,40.71958611647166,-74.04311746358871,24188
2019-09-16,40.7112423,-74.0557013,24188
2019-09-16,40.7177325,-74.043845,24189
2019-09-16,40.7177325,-74.043845,24189
2019-09-16,40.71958611647166,-74.04311746358871,24190
2019-09-16,40.7241765,-74.0506564,24190
2019-09-16,40.7242941,-74.0354826,24191
2019-09-16,40.72333158646436,-74.04595255851744,24191
2019-09-16,40.727595966,-74.044247311,24192
2019-09-16,40.71958611647166,-74.04311746358871,24192
2019-09-16,40.727595966,-74.044247311,24193
2019-09-16,40.71958611647166,-74.04311746358871,24193
2019-09-16,40.7141454,-74.0335519,24194
2019-09-16,40.7236589,-74.0641943,24194
2019-09-16,40.722103786686034,-74.07145500183105,24195
2019-09-16,40.73089709786179,-74.06391263008118,24195
2019-09-16,40.72568548362901,-74.04879033565521,24196
2019-09-16,40.748715945380226,-74.04044330120087,24196
2019-09-16,40.7272235,-74.0337589,24197
2019-09-16,40.7272235,-74.0337589,24197
2019-09-16,40.72568548362901,-74.04879033565521,24198
2019-09-16,40.748715945380226,-74.04044330120087,24198
2019-09-16,40.721630142638354,-74.04996782541275,24199
2019-09-16,40.7241765,-74.0506564,24199
2019-09-16,40.7376037,-74.0524783,24200
2019-09-16,40.72152515,-74.046304543,24200
2019-09-16,40.71687,-74.03281,24201
2019-09-16,40.71458403535893,-74.04281705617905,24201
2019-09-16,40.71958611647166,-74.04311746358871,24202
2019-09-16,40.7112423,-74.0557013,24202
2019-09-16,40.721650724879986,-74.04288411140442,24203
2019-09-16,40.727595966,-74.044247311,24203
2019-09-16,40.73367,-74.0625,24204
2019-09-16,40.742677141,-74.051788633,24204
2019-09-16,40.71848892,-74.047726625,24205
2019-09-16,40.727595966,-74.044247311,24205
2019-09-16,40.7272235,-74.0337589,24206
2019-09-16,40.7124188237569,-74.03852552175522,24206
2019-09-16,40.71958611647166,-74.04311746358871,24207
2019-09-16,40.7124188237569,-74.03852552175522,24207
2019-09-16,40.71958611647166,-74.04311746358871,24208
2019-09-16,40.727595966,-74.044247311,24208
2019-09-16,40.727595966,-74.044247311,24209
2019-09-16,40.71958611647166,-74.04311746358871,24209
2019-09-16,40.71835519823214,-74.03891444206238,24210
2019-09-16,40.727595966,-74.044247311,24210
2019-09-16,40.727595966,-74.044247311,24211
2019-09-16,40.7272235,-74.0337589,24211
2019-09-16,40.71958611647166,-74.04311746358871,24212
2019-09-16,40.7124188237569,-74.03852552175522,24212
2019-09-16,40.71958611647166,-74.04311746358871,24213
2019-09-16,40.721630142638354,-74.04996782541275,24213
2019-09-16,40.73089709786179,-74.06391263008118,24214
2019-09-16,40.72572613742557,-74.07195925712585,24214
2019-09-16,40.7177325,-74.043845,24215
2019-09-16,40.7177325,-74.043845,24215
2019-09-16,40.7177325,-74.043845,24216
2019-09-16,40.734961020009514,-74.0595030784607,24216
2019-09-16,40.73089709786179,-74.06391263008118,24217
2019-09-16,40.72572613742557,-74.07195925712585,24217
2019-09-16,40.71958611647166,-74.04311746358871,24218
2019-09-16,40.72601172964625,-74.05038893222809,24218
2019-09-16,40.71958611647166,-74.04311746358871,24219
2019-09-16,40.72568548362901,-74.04879033565521,24219
2019-09-16,40.7141454,-74.0335519,24220
2019-09-16,40.727595966,-74.044247311,24220
2019-09-16,40.72568548362901,-74.04879033565521,24221
2019-09-16,40.71687,-74.03281,24221
2019-09-16,40.7253399253558,-74.06762212514877,24222
2019-09-16,40.71848892,-74.047726625,24222
2019-09-16,40.71958611647166,-74.04311746358871,24223
2019-09-16,40.72333158646436,-74.04595255851744,24223
2019-09-16,40.7124188237569,-74.03852552175522,24224
2019-09-16,40.71687,-74.03281,24224
2019-09-16,40.7124188237569,-74.03852552175522,24225
2019-09-16,40.70834698,-74.01713445,24225
2019-09-16,40.71958611647166,-74.04311746358871,24226
2019-09-16,40.721630142638354,-74.04996782541275,24226
2019-09-16,40.721650724879986,-74.04288411140442,24227
2019-09-16,40.727595966,-74.044247311,24227
2019-09-16,40.7287448,-74.0321082,24228
2019-09-16,40.727595966,-74.044247311,24228
2019-09-16,40.71687,-74.03281,24229
2019-09-16,40.7124188237569,-74.03852552175522,24229
2019-09-16,40.7192517,-74.034234,24230
2019-09-16,40.7272235,-74.0337589,24230
2019-09-16,40.7287448,-74.0321082,24231
2019-09-16,40.727595966,-74.044247311,24231
2019-09-16,40.71958611647166,-74.04311746358871,24232
2019-09-16,40.71346382669195,-74.06285852193832,24232
2019-09-16,40.7272235,-74.0337589,24233
2019-09-16,40.727595966,-74.044247311,24233
2019-09-16,40.71958611647166,-74.04311746358871,24234
2019-09-16,40.72333158646436,-74.04595255851744,24234
2019-09-16,40.71958611647166,-74.04311746358871,24235
2019-09-16,40.72601172964625,-74.05038893222809,24235
2019-09-16,40.7192517,-74.034234,24236
2019-09-16,40.727595966,-74.044247311,24236
2019-09-16,40.72152515,-74.046304543,24237
2019-09-16,40.72333158646436,-74.04595255851744,24237
2019-09-16,40.7376037,-74.0524783,24238
2019-09-16,40.73089709786179,-74.06391263008118,24238
2019-09-16,40.7253399253558,-74.06762212514877,24239
2019-09-16,40.73089709786179,-74.06391263008118,24239
2019-09-16,40.734961020009514,-74.0595030784607,24240
2019-09-16,40.7192517,-74.034234,24240
2019-09-16,40.7253399253558,-74.06762212514877,24241
2019-09-16,40.73089709786179,-74.06391263008118,24241
2019-09-16,40.7127742,-74.0364857,24242
2019-09-16,40.71458403535893,-74.04281705617905,24242
2019-09-16,40.73089709786179,-74.06391263008118,24243
2019-09-16,40.7192517,-74.034234,24243
2019-09-16,40.727595966,-74.044247311,24244
2019-09-16,40.72333158646436,-74.04595255851744,24244
2019-09-16,40.721650724879986,-74.04288411140442,24245
2019-09-16,40.72601172964625,-74.05038893222809,24245
2019-09-16,40.722103786686034,-74.07145500183105,24246
2019-09-16,40.73089709786179,-74.06391263008118,24246
2019-09-16,40.7192517,-74.034234,24247
2019-09-16,40.71458403535893,-74.04281705617905,24247
2019-09-16,40.7112423,-74.0557013,24248
2019-09-16,40.71958611647166,-74.04311746358871,24248
2019-09-16,40.73089709786179,-74.06391263008118,24249
2019-09-16,40.7236589,-74.0641943,24249
2019-09-16,40.71958611647166,-74.04311746358871,24250
2019-09-16,40.7241765,-74.0506564,24250
2019-09-16,40.7192517,-74.034234,24251
2019-09-16,40.734961020009514,-74.0595030784607,24251
2019-09-16,40.71458403535893,-74.04281705617905,24252
2019-09-16,40.7192517,-74.034234,24252
2019-09-16,40.7192517,-74.034234,24253
2019-09-16,40.7287448,-74.0321082,24253
2019-09-16,40.7177325,-74.043845,24254
2019-09-16,40.7141454,-74.0335519,24254
2019-09-16,40.71687,-74.03281,24255
2019-09-16,40.7287448,-74.0321082,24255
2019-09-16,40.71687,-74.03281,24256
2019-09-16,40.7211236,-74.03805095,24256
2019-09-16,40.71848892,-74.047726625,24257
2019-09-16,40.72152515,-74.046304543,24257
2019-09-16,40.73367,-74.0625,24258
2019-09-16,40.73089709786179,-74.06391263008118,24258
2019-09-16,40.7177325,-74.043845,24259
2019-09-16,40.7124188237569,-74.03852552175522,24259
2019-09-16,40.7124188237569,-74.03852552175522,24260
2019-09-16,40.721650724879986,-74.04288411140442,24260
2019-09-16,40.7272235,-74.0337589,24261
2019-09-16,40.727595966,-74.044247311,24261
2019-09-16,40.7272235,-74.0337589,24262
2019-09-16,40.748715945380226,-74.04044330120087,24262
2019-09-16,40.71687,-74.03281,24263
2019-09-16,40.7124188237569,-74.03852552175522,24263
2019-09-16,40.7272235,-74.0337589,24264
2019-09-16,40.727595966,-74.044247311,24264
2019-09-16,40.7192517,-74.034234,24265
2019-09-16,40.727595966,-74.044247311,24265
2019-09-16,40.7192517,-74.034234,24266
2019-09-16,40.71958611647166,-74.04311746358871,24266
2019-09-16,40.72601172964625,-74.05038893222809,24267
2019-09-16,40.7192517,-74.034234,24267
2019-09-16,40.7311689,-74.0575736,24268
2019-09-16,40.734785818,-74.050443636,24268
2019-09-16,40.71687,-74.03281,24269
2019-09-16,40.7124188237569,-74.03852552175522,24269
2019-09-16,40.72333158646436,-74.04595255851744,24270
2019-09-16,40.727595966,-74.044247311,24270
2019-09-16,40.71687,-74.03281,24271
2019-09-16,40.7112423,-74.0557013,24271
2019-09-16,40.734961020009514,-74.0595030784607,24272
2019-09-16,40.73367,-74.0625,24272
2019-09-16,40.72152515,-74.046304543,24273
2019-09-16,40.7177325,-74.043845,24273
2019-09-16,40.73367,-74.0625,24274
2019-09-16,40.734961020009514,-74.0595030784607,24274
2019-09-16,40.7112423,-74.0557013,24275
2019-09-16,40.71458403535893,-74.04281705617905,24275
2019-09-16,40.73089709786179,-74.06391263008118,24276
2019-09-16,40.71928220070702,-74.07126188278198,24276
2019-09-16,40.727595966,-74.044247311,24277
2019-09-16,40.7241765,-74.0506564,24277
2019-09-16,40.71958611647166,-74.04311746358871,24278
2019-09-16,40.72568548362901,-74.04879033565521,24278
2019-09-16,40.71958611647166,-74.04311746358871,24279
2019-09-16,40.727595966,-74.044247311,24279
2019-09-16,40.72152515,-74.046304543,24280
2019-09-16,40.72568548362901,-74.04879033565521,24280
2019-09-16,40.71958611647166,-74.04311746358871,24281
2019-09-16,40.727595966,-74.044247311,24281
2019-09-16,40.72601172964625,-74.05038893222809,24282
2019-09-16,40.727595966,-74.044247311,24282
2019-09-16,40.71687,-74.03281,24283
2019-09-16,40.7192517,-74.034234,24283
2019-09-16,40.73089709786179,-74.06391263008118,24284
2019-09-16,40.71687,-74.03281,24284
2019-09-16,40.71687,-74.03281,24285
2019-09-16,40.73089709786179,-74.06391263008118,24285
2019-09-16,40.734961020009514,-74.0595030784607,24286
2019-09-16,40.742677141,-74.051788633,24286
2019-09-16,40.7177325,-74.043845,24287
2019-09-16,40.71458403535893,-74.04281705617905,24287
2019-09-16,40.71687,-74.03281,24288
2019-09-16,40.7124188237569,-74.03852552175522,24288
2019-09-16,40.71958611647166,-74.04311746358871,24289
2019-09-16,40.71653978099194,-74.0496379137039,24289
2019-09-16,40.71687,-74.03281,24290
2019-09-16,40.7192517,-74.034234,24290
2019-09-16,40.721630142638354,-74.04996782541275,24291
2019-09-16,40.71958611647166,-74.04311746358871,24291
2019-09-16,40.71958611647166,-74.04311746358871,24292
2019-09-16,40.72568548362901,-74.04879033565521,24292
2019-09-16,40.71653978099194,-74.0496379137039,24293
2019-09-16,40.742677141,-74.051788633,24293
2019-09-16,40.71958611647166,-74.04311746358871,24294
2019-09-16,40.7241765,-74.0506564,24294
2019-09-16,40.72568548362901,-74.04879033565521,24295
2019-09-16,40.71958611647166,-74.04311746358871,24295
2019-09-16,40.727595966,-74.044247311,24296
2019-09-16,40.71958611647166,-74.04311746358871,24296
2019-09-16,40.71687,-74.03281,24297
2019-09-16,40.71958611647166,-74.04311746358871,24297
2019-09-16,40.71958611647166,-74.04311746358871,24298
2019-09-16,40.7192517,-74.034234,24298
2019-09-16,40.71687,-74.03281,24299
2019-09-16,40.7141454,-74.0335519,24299
2019-09-16,40.7141454,-74.0335519,24300
2019-09-16,40.71835519823214,-74.03891444206238,24300
2019-09-16,40.71958611647166,-74.04311746358871,24301
2019-09-16,40.72601172964625,-74.05038893222809,24301
2019-09-16,40.73367,-74.0625,24302
2019-09-16,40.71958611647166,-74.04311746358871,24302
2019-09-16,40.7192517,-74.034234,24303
2019-09-16,40.727595966,-74.044247311,24303
2019-09-16,40.7192517,-74.034234,24304
2019-09-16,40.7242941,-74.0354826,24304
2019-09-16,40.71687,-74.03281,24305
2019-09-16,40.7141454,-74.0335519,24305
2019-09-16,40.7177325,-74.043845,24306
2019-09-16,40.71848892,-74.047726625,24306
2019-09-16,40.71835519823214,-74.03891444206238,24307
2019-09-16,40.7242941,-74.0354826,24307
2019-09-16,40.73089709786179,-74.06391263008118,24308
2019-09-16,40.74590996631558,-74.0572714805603,24308
2019-09-16,40.71958611647166,-74.04311746358871,24309
2019-09-16,40.7127742,-74.0364857,24309
2019-09-16,40.72528910781132,-74.04557168483734,24310
2019-09-16,40.71835519823214,-74.03891444206238,24310
2019-09-16,40.72333158646436,-74.04595255851744,24311
2019-09-16,40.7192517,-74.034234,24311
2019-09-16,40.7287448,-74.0321082,24312
2019-09-16,40.73520838045357,-74.04696375131607,24312
2019-09-16,40.71687,-74.03281,24313
2019-09-16,40.71458403535893,-74.04281705617905,24313
2019-09-16,40.71848892,-74.047726625,24314
2019-09-16,40.72152515,-74.046304543,24314
2019-09-16,40.71835519823214,-74.03891444206238,24315
2019-09-16,40.7141454,-74.0335519,24315
2019-09-16,40.71958611647166,-74.04311746358871,24316
2019-09-16,40.7241765,-74.0506564,24316
2019-09-16,40.7242941,-74.0354826,24317
2019-09-16,40.72333158646436,-74.04595255851744,24317
2019-09-16,40.7112423,-74.0557013,24318
2019-09-16,40.71958611647166,-74.04311746358871,24318
2019-09-16,40.7182113,-74.0836394,24319
2019-09-16,40.73089709786179,-74.06391263008118,24319
2019-09-16,40.7141454,-74.0335519,24320
2019-09-16,40.7112423,-74.0557013,24320
2019-09-16,40.72152515,-74.046304543,24321
2019-09-16,40.72601172964625,-74.05038893222809,24321
2019-09-16,40.71958611647166,-74.04311746358871,24322
2019-09-16,40.7443187,-74.0439909,24322
2019-09-16,40.7272235,-74.0337589,24323
2019-09-16,40.7192517,-74.034234,24323
2019-09-16,40.7246050998869,-74.07840594649315,24324
2019-09-16,40.73089709786179,-74.06391263008118,24324
2019-09-16,40.71517767732029,-74.03768330812454,24325
2019-09-16,40.71958611647166,-74.04311746358871,24325
2019-09-16,40.71958611647166,-74.04311746358871,24326
2019-09-16,40.727595966,-74.044247311,24326
2019-09-16,40.727595966,-74.044247311,24327
2019-09-16,40.71958611647166,-74.04311746358871,24327
2019-09-16,40.72601172964625,-74.05038893222809,24328
2019-09-16,40.721650724879986,-74.04288411140442,24328
2019-09-16,40.727595966,-74.044247311,24329
2019-09-16,40.71958611647166,-74.04311746358871,24329
2019-09-16,40.71835519823214,-74.03891444206238,24330
2019-09-16,40.71687,-74.03281,24330
2019-09-16,40.7211236,-74.03805095,24331
2019-09-16,40.72528910781132,-74.04557168483734,24331
2019-09-16,40.71942,-74.05099,24332
2019-09-16,40.71958611647166,-74.04311746358871,24332
2019-09-16,40.721630142638354,-74.04996782541275,24333
2019-09-16,40.71958611647166,-74.04311746358871,24333
2019-09-16,40.734961020009514,-74.0595030784607,24334
2019-09-16,40.71835519823214,-74.03891444206238,24334
2019-09-16,40.71958611647166,-74.04311746358871,24335
2019-09-16,40.721630142638354,-74.04996782541275,24335
2019-09-16,40.7124188237569,-74.03852552175522,24336
2019-09-16,40.7192517,-74.034234,24336
2019-09-16,40.72601172964625,-74.05038893222809,24337
2019-09-16,40.71958611647166,-74.04311746358871,24337
2019-09-16,40.7253399253558,-74.06762212514877,24338
2019-09-16,40.73089709786179,-74.06391263008118,24338
2019-09-16,40.7124188237569,-74.03852552175522,24339
2019-09-16,40.7124188237569,-74.03852552175522,24339
2019-09-16,40.71687,-74.03281,24340
2019-09-16,40.7246050998869,-74.07840594649315,24340
2019-09-16,40.7211236,-74.03805095,24341
2019-09-16,40.71687,-74.03281,24341
2019-09-16,40.7241765,-74.0506564,24342
2019-09-16,40.7192517,-74.034234,24342
2019-09-16,40.71687,-74.03281,24343
2019-09-16,40.7124188237569,-74.03852552175522,24343
2019-09-16,40.73520838045357,-74.04696375131607,24344
2019-09-16,40.73089709786179,-74.06391263008118,24344
2019-09-16,40.71687,-74.03281,24345
2019-09-16,40.71458403535893,-74.04281705617905,24345
2019-09-16,40.7192517,-74.034234,24346
2019-09-16,40.71458403535893,-74.04281705617905,24346
2019-09-16,40.72601172964625,-74.05038893222809,24347
2019-09-16,40.72333158646436,-74.04595255851744,24347
2019-09-16,40.72528910781132,-74.04557168483734,24348
2019-09-16,40.71687,-74.03281,24348
2019-09-16,40.7177325,-74.043845,24349
2019-09-16,40.7287448,-74.0321082,24349
2019-09-16,40.72572613742557,-74.07195925712585,24350
2019-09-16,40.73089709786179,-74.06391263008118,24350
2019-09-16,40.7192517,-74.034234,24351
2019-09-16,40.72152515,-74.046304543,24351
2019-09-16,40.71958611647166,-74.04311746358871,24352
2019-09-16,40.7241765,-74.0506564,24352
2019-09-16,40.7211236,-74.03805095,24353
2019-09-16,40.7287448,-74.0321082,24353
2019-09-16,40.7192517,-74.034234,24354
2019-09-16,40.7211236,-74.03805095,24354
2019-09-16,40.73089709786179,-74.06391263008118,24355
2019-09-16,40.7253399253558,-74.06762212514877,24355
2019-09-16,40.721650724879986,-74.04288411140442,24356
2019-09-16,40.7112423,-74.0557013,24356
2019-09-16,40.72333158646436,-74.04595255851744,24357
2019-09-16,40.71835519823214,-74.03891444206238,24357
2019-09-16,40.7141454,-74.0335519,24358
2019-09-16,40.7124188237569,-74.03852552175522,24358
2019-09-16,40.7141454,-74.0335519,24359
2019-09-16,40.7192517,-74.034234,24359
2019-09-16,40.7272235,-74.0337589,24360
2019-09-16,40.7192517,-74.034234,24360
2019-09-16,40.7192517,-74.034234,24361
2019-09-16,40.7192517,-74.034234,24361
2019-09-16,40.727595966,-74.044247311,24362
2019-09-16,40.7241765,-74.0506564,24362
2019-09-16,40.7124188237569,-74.03852552175522,24363
2019-09-16,40.71458403535893,-74.04281705617905,24363
2019-09-16,40.71958611647166,-74.04311746358871,24364
2019-09-16,40.72568548362901,-74.04879033565521,24364
2019-09-16,40.72601172964625,-74.05038893222809,24365
2019-09-16,40.721650724879986,-74.04288411140442,24365
2019-09-16,40.727595966,-74.044247311,24366
2019-09-16,40.721650724879986,-74.04288411140442,24366
2019-09-16,40.7112423,-74.0557013,24367
2019-09-16,40.7177325,-74.043845,24367
2019-09-16,40.71458403535893,-74.04281705617905,24368
2019-09-16,40.71687,-74.03281,24368
2019-09-16,40.72601172964625,-74.05038893222809,24369
2019-09-16,40.71958611647166,-74.04311746358871,24369
2019-09-16,40.721650724879986,-74.04288411140442,24370
2019-09-16,40.734785818,-74.050443636,24370
2019-09-16,40.71958611647166,-74.04311746358871,24371
2019-09-16,40.71517767732029,-74.03768330812454,24371
2019-09-16,40.72152515,-74.046304543,24372
2019-09-16,40.72568548362901,-74.04879033565521,24372
2019-09-16,40.7272235,-74.0337589,24373
2019-09-16,40.7287448,-74.0321082,24373
2019-09-16,40.72333158646436,-74.04595255851744,24374
2019-09-16,40.71958611647166,-74.04311746358871,24374
2019-09-16,40.71958611647166,-74.04311746358871,24375
2019-09-16,40.7124188237569,-74.03852552175522,24375
2019-09-16,40.72601172964625,-74.05038893222809,24376
2019-09-16,40.72152515,-74.046304543,24376
2019-09-16,40.7177325,-74.043845,24377
2019-09-16,40.7127742,-74.0364857,24377
2019-09-16,40.71928220070702,-74.07126188278198,24378
2019-09-16,40.73089709786179,-74.06391263008118,24378
2019-09-16,40.7177325,-74.043845,24379
2019-09-16,40.71458403535893,-74.04281705617905,24379
2019-09-16,40.7287448,-74.0321082,24380
2019-09-16,40.7192517,-74.034234,24380
2019-09-16,40.71458403535893,-74.04281705617905,24381
2019-09-16,40.71958611647166,-74.04311746358871,24381
2019-09-16,40.7287448,-74.0321082,24382
2019-09-16,40.7272235,-74.0337589,24382
2019-09-16,40.71687,-74.03281,24383
2019-09-16,40.72601172964625,-74.05038893222809,24383
2019-09-16,40.71958611647166,-74.04311746358871,24384
2019-09-16,40.72333158646436,-74.04595255851744,24384
2019-09-16,40.7211236,-74.03805095,24385
2019-09-16,40.7272235,-74.0337589,24385
2019-09-16,40.7272235,-74.0337589,24386
2019-09-16,40.7182113,-74.0836394,24386
2019-09-16,40.7272235,-74.0337589,24387
2019-09-16,40.7141454,-74.0335519,24387
2019-09-16,40.71687,-74.03281,24388
2019-09-16,40.7211236,-74.03805095,24388
2019-09-16,40.72333158646436,-74.04595255851744,24389
2019-09-16,40.727595966,-74.044247311,24389
2019-09-16,40.727595966,-74.044247311,24390
2019-09-16,40.721650724879986,-74.04288411140442,24390
2019-09-16,40.71958611647166,-74.04311746358871,24391
2019-09-16,40.7236589,-74.0641943,24391
2019-09-16,40.71346382669195,-74.06285852193832,24392
2019-09-16,40.71958611647166,-74.04311746358871,24392
2019-09-16,40.71848892,-74.047726625,24393
2019-09-16,40.71958611647166,-74.04311746358871,24393
2019-09-16,40.7112423,-74.0557013,24394
2019-09-16,40.7177325,-74.043845,24394
2019-09-16,40.73367,-74.0625,24395
2019-09-16,40.7376037,-74.0524783,24395
2019-09-16,40.71517767732029,-74.03768330812454,24396
2019-09-16,40.7211236,-74.03805095,24396
2019-09-16,40.727595966,-74.044247311,24397
2019-09-16,40.71958611647166,-74.04311746358871,24397
2019-09-16,40.71653978099194,-74.0496379137039,24398
2019-09-16,40.71958611647166,-74.04311746358871,24398
2019-09-16,40.73367,-74.0625,24399
2019-09-16,40.74590996631558,-74.0572714805603,24399
2019-09-16,40.734785818,-74.050443636,24400
2019-09-16,40.73089709786179,-74.06391263008118,24400
2019-09-16,40.7192517,-74.034234,24401
2019-09-16,40.71848892,-74.047726625,24401
2019-09-16,40.73089709786179,-74.06391263008118,24402
2019-09-16,40.722103786686034,-74.07145500183105,24402
2019-09-16,40.72568548362901,-74.04879033565521,24403
2019-09-16,40.72333158646436,-74.04595255851744,24403
2019-09-16,40.7287448,-74.0321082,24404
2019-09-16,40.727595966,-74.044247311,24404
2019-09-16,40.71835519823214,-74.03891444206238,24405
2019-09-16,40.7192517,-74.034234,24405
2019-09-16,40.7192517,-74.034234,24406
2019-09-16,40.7141454,-74.0335519,24406
2019-09-16,40.71958611647166,-74.04311746358871,24407
2019-09-16,40.727595966,-74.044247311,24407
2019-09-16,40.71848892,-74.047726625,24408
2019-09-16,40.71958611647166,-74.04311746358871,24408
2019-09-16,40.721650724879986,-74.04288411140442,24409
2019-09-16,40.727595966,-74.044247311,24409
2019-09-16,40.73089709786179,-74.06391263008118,24410
2019-09-16,40.7246050998869,-74.07840594649315,24410
2019-09-16,40.7287448,-74.0321082,24411
2019-09-16,40.727595966,-74.044247311,24411
2019-09-16,40.727595966,-74.044247311,24412
2019-09-16,40.71958611647166,-74.04311746358871,24412
2019-09-16,40.71687,-74.03281,24413
2019-09-16,40.7124188237569,-74.03852552175522,24413
2019-09-16,40.73089709786179,-74.06391263008118,24414
2019-09-16,40.7253399253558,-74.06762212514877,24414
2019-09-16,40.73089709786179,-74.06391263008118,24415
2019-09-16,40.72755146730012,-74.07106071710587,24415
2019-09-16,40.7177325,-74.043845,24416
2019-09-16,40.71958611647166,-74.04311746358871,24416
2019-09-16,40.7241765,-74.0506564,24417
2019-09-16,40.71958611647166,-74.04311746358871,24417
2019-09-16,40.71958611647166,-74.04311746358871,24418
2019-09-16,40.71848892,-74.047726625,24418
2019-09-16,40.73089709786179,-74.06391263008118,24419
2019-09-16,40.7246050998869,-74.07840594649315,24419
2019-09-16,40.7192517,-74.034234,24420
2019-09-16,40.7287448,-74.0321082,24420
2019-09-16,40.71435836870427,-74.06661093235016,24421
2019-09-16,40.7177325,-74.043845,24421
2019-09-16,40.71958611647166,-74.04311746358871,24422
2019-09-16,40.72601172964625,-74.05038893222809,24422
2019-09-16,40.7253399253558,-74.06762212514877,24423
2019-09-16,40.73089709786179,-74.06391263008118,24423
2019-09-16,40.72528910781132,-74.04557168483734,24424
2019-09-16,40.71958611647166,-74.04311746358871,24424
2019-09-16,40.7253399253558,-74.06762212514877,24425
2019-09-16,40.73089709786179,-74.06391263008118,24425
2019-09-16,40.7177325,-74.043845,24426
2019-09-16,40.71942,-74.05099,24426
2019-09-16,40.72528910781132,-74.04557168483734,24427
2019-09-16,40.71958611647166,-74.04311746358871,24427
2019-09-16,40.7192517,-74.034234,24428
2019-09-16,40.73520838045357,-74.04696375131607,24428
2019-09-16,40.721630142638354,-74.04996782541275,24429
2019-09-16,40.71958611647166,-74.04311746358871,24429
2019-09-16,40.7192517,-74.034234,24430
2019-09-16,40.727595966,-74.044247311,24430
2019-09-16,40.72152515,-74.046304543,24431
2019-09-16,40.71958611647166,-74.04311746358871,24431
2019-09-16,40.71958611647166,-74.04311746358871,24432
2019-09-16,40.721630142638354,-74.04996782541275,24432
2019-09-16,40.72152515,-74.046304543,24433
2019-09-16,40.7177325,-74.043845,24433
2019-09-16,40.71687,-74.03281,24434
2019-09-16,40.7211236,-74.03805095,24434
2019-09-16,40.734961020009514,-74.0595030784607,24435
2019-09-16,40.742677141,-74.051788633,24435
2019-09-16,40.71687,-74.03281,24436
2019-09-16,40.7192517,-74.034234,24436
2019-09-16,40.71687,-74.03281,24437
2019-09-16,40.7112423,-74.0557013,24437
2019-09-16,40.72528910781132,-74.04557168483734,24438
2019-09-16,40.72333158646436,-74.04595255851744,24438
2019-09-16,40.7141454,-74.0335519,24439
2019-09-16,40.71687,-74.03281,24439
2019-09-16,40.7124188237569,-74.03852552175522,24440
2019-09-16,40.71687,-74.03281,24440
2019-09-16,40.7253399253558,-74.06762212514877,24441
2019-09-16,40.73089709786179,-74.06391263008118,24441
2019-09-16,40.71958611647166,-74.04311746358871,24442
2019-09-16,40.721630142638354,-74.04996782541275,24442
2019-09-16,40.71958611647166,-74.04311746358871,24443
2019-09-16,40.71458403535893,-74.04281705617905,24443
2019-09-16,40.71346382669195,-74.06285852193832,24444
2019-09-16,40.7241765,-74.0506564,24444
2019-09-16,40.7127742,-74.0364857,24445
2019-09-16,40.7192517,-74.034234,24445
2019-09-16,40.7287448,-74.0321082,24446
2019-09-16,40.7272235,-74.0337589,24446
2019-09-16,40.73089709786179,-74.06391263008118,24447
2019-09-16,40.7253399253558,-74.06762212514877,24447
2019-09-16,40.7443187,-74.0439909,24448
2019-09-16,40.7287448,-74.0321082,24448
2019-09-16,40.71346382669195,-74.06285852193832,24449
2019-09-16,40.71848892,-74.047726625,24449
2019-09-16,40.71835519823214,-74.03891444206238,24450
2019-09-16,40.71458403535893,-74.04281705617905,24450
2019-09-16,40.7124188237569,-74.03852552175522,24451
2019-09-16,40.7177325,-74.043845,24451
2019-09-16,40.7141454,-74.0335519,24452
2019-09-16,40.71942,-74.05099,24452
2019-09-16,40.71928220070702,-74.07126188278198,24453
2019-09-16,40.73089709786179,-74.06391263008118,24453
2019-09-16,40.7127742,-74.0364857,24454
2019-09-16,40.748715945380226,-74.04044330120087,24454
2019-09-16,40.7192517,-74.034234,24455
2019-09-16,40.71687,-74.03281,24455
2019-09-16,40.71458403535893,-74.04281705617905,24456
2019-09-16,40.7211236,-74.03805095,24456
2019-09-16,40.727595966,-74.044247311,24457
2019-09-16,40.72152515,-74.046304543,24457
2019-09-16,40.72152515,-74.046304543,24458
2019-09-16,40.727595966,-74.044247311,24458
2019-09-16,40.71958611647166,-74.04311746358871,24459
2019-09-16,40.7241765,-74.0506564,24459
2019-09-16,40.7376037,-74.0524783,24460
2019-09-16,40.73089709786179,-74.06391263008118,24460
2019-09-16,40.7253399253558,-74.06762212514877,24461
2019-09-16,40.7253399253558,-74.06762212514877,24461
2019-09-16,40.73367,-74.0625,24462
2019-09-16,40.7253399253558,-74.06762212514877,24462
2019-09-16,40.742677141,-74.051788633,24463
2019-09-16,40.734961020009514,-74.0595030784607,24463
2019-09-16,40.71942,-74.05099,24464
2019-09-16,40.71958611647166,-74.04311746358871,24464
2019-09-16,40.71928220070702,-74.07126188278198,24465
2019-09-16,40.7272235,-74.0337589,24465
2019-09-16,40.721650724879986,-74.04288411140442,24466
2019-09-16,40.727595966,-74.044247311,24466
2019-09-16,40.7287448,-74.0321082,24467
2019-09-16,40.7211236,-74.03805095,24467
2019-09-16,40.7177325,-74.043845,24468
2019-09-16,40.71517767732029,-74.03768330812454,24468
2019-09-16,40.71928220070702,-74.07126188278198,24469
2019-09-16,40.73089709786179,-74.06391263008118,24469
2019-09-16,40.7192517,-74.034234,24470
2019-09-16,40.71687,-74.03281,24470
2019-09-16,40.7112423,-74.0557013,24471
2019-09-16,40.7177325,-74.043845,24471
2019-09-16,40.73089709786179,-74.06391263008118,24472
2019-09-16,40.71928220070702,-74.07126188278198,24472
2019-09-16,40.7241765,-74.0506564,24473
2019-09-16,40.71458403535893,-74.04281705617905,24473
2019-09-16,40.7211236,-74.03805095,24474
2019-09-16,40.72152515,-74.046304543,24474
2019-09-16,40.727595966,-74.044247311,24475
2019-09-16,40.71958611647166,-74.04311746358871,24475
2019-09-16,40.73089709786179,-74.06391263008118,24476
2019-09-16,40.71928220070702,-74.07126188278198,24476
2019-09-16,40.72568548362901,-74.04879033565521,24477
2019-09-16,40.72152515,-74.046304543,24477
2019-09-16,40.7272235,-74.0337589,24478
2019-09-16,40.7241765,-74.0506564,24478
2019-09-16,40.748715945380226,-74.04044330120087,24479
2019-09-16,40.71848892,-74.047726625,24479
2019-09-16,40.721650724879986,-74.04288411140442,24480
2019-09-16,40.71958611647166,-74.04311746358871,24480
2019-09-16,40.727595966,-74.044247311,24481
2019-09-16,40.7141454,-74.0335519,24481
2019-09-16,40.71958611647166,-74.04311746358871,24482
2019-09-16,40.727595966,-74.044247311,24482
2019-09-16,40.71458403535893,-74.04281705617905,24483
2019-09-16,40.7141454,-74.0335519,24483
2019-09-16,40.727595966,-74.044247311,24484
2019-09-16,40.7272235,-74.0337589,24484
2019-09-16,40.727595966,-74.044247311,24485
2019-09-16,40.721650724879986,-74.04288411140442,24485
2019-09-16,40.7177325,-74.043845,24486
2019-09-16,40.72601172964625,-74.05038893222809,24486
2019-09-16,40.71517767732029,-74.03768330812454,24487
2019-09-16,40.7127742,-74.0364857,24487
2019-09-16,40.7177325,-74.043845,24488
2019-09-16,40.71653978099194,-74.0496379137039,24488
2019-09-16,40.72528910781132,-74.04557168483734,24489
2019-09-16,40.72333158646436,-74.04595255851744,24489
2019-09-16,40.71835519823214,-74.03891444206238,24490
2019-09-16,40.71458403535893,-74.04281705617905,24490
2019-09-16,40.72568548362901,-74.04879033565521,24491
2019-09-16,40.71958611647166,-74.04311746358871,24491
2019-09-16,40.7192517,-74.034234,24492
2019-09-16,40.71687,-74.03281,24492
2019-09-16,40.72152515,-74.046304543,24493
2019-09-16,40.71649,-74.04105,24493
2019-09-16,40.721650724879986,-74.04288411140442,24494
2019-09-16,40.72601172964625,-74.05038893222809,24494
2019-09-16,40.7112423,-74.0557013,24495
2019-09-16,40.7177325,-74.043845,24495
2019-09-16,40.7192517,-74.034234,24496
2019-09-16,40.71958611647166,-74.04311746358871,24496
2019-09-16,40.71458403535893,-74.04281705617905,24497
2019-09-16,40.7177325,-74.043845,24497
2019-09-16,40.7192517,-74.034234,24498
2019-09-16,40.7127742,-74.0364857,24498
2019-09-16,40.748715945380226,-74.04044330120087,24499
2019-09-16,40.7443187,-74.0439909,24499
2019-09-16,40.71687,-74.03281,24500
2019-09-16,40.7192517,-74.034234,24500
2019-09-16,40.7177325,-74.043845,24501
2019-09-16,40.71458403535893,-74.04281705617905,24501
2019-09-16,40.73520838045357,-74.04696375131607,24502
2019-09-16,40.7192517,-74.034234,24502
2019-09-16,40.7253399253558,-74.06762212514877,24503
2019-09-16,40.73089709786179,-74.06391263008118,24503
2019-09-16,40.71687,-74.03281,24504
2019-09-16,40.7192517,-74.034234,24504
2019-09-16,40.7211236,-74.03805095,24505
2019-09-16,40.71687,-74.03281,24505
2019-09-16,40.73089709786179,-74.06391263008118,24506
2019-09-16,40.7246050998869,-74.07840594649315,24506
2019-09-16,40.7272235,-74.0337589,24507
2019-09-16,40.72528910781132,-74.04557168483734,24507
2019-09-16,40.7242941,-74.0354826,24508
2019-09-16,40.7211236,-74.03805095,24508
2019-09-16,40.71517767732029,-74.03768330812454,24509
2019-09-16,40.7177325,-74.043845,24509
2019-09-16,40.73089709786179,-74.06391263008118,24510
2019-09-16,40.7253399253558,-74.06762212514877,24510
2019-09-16,40.73089709786179,-74.06391263008118,24511
2019-09-16,40.722103786686034,-74.07145500183105,24511
2019-09-16,40.71848892,-74.047726625,24512
2019-09-16,40.7177325,-74.043845,24512
2019-09-16,40.727595966,-74.044247311,24513
2019-09-16,40.721650724879986,-74.04288411140442,24513
2019-09-16,40.7127742,-74.0364857,24514
2019-09-16,40.71458403535893,-74.04281705617905,24514
2019-09-16,40.727595966,-74.044247311,24515
2019-09-16,40.721650724879986,-74.04288411140442,24515
2019-09-16,40.721650724879986,-74.04288411140442,24516
2019-09-16,40.727595966,-74.044247311,24516
2019-09-16,40.734961020009514,-74.0595030784607,24517
2019-09-16,40.73367,-74.0625,24517
2019-09-16,40.734961020009514,-74.0595030784607,24518
2019-09-16,40.73089709786179,-74.06391263008118,24518
2019-09-16,40.72568548362901,-74.04879033565521,24519
2019-09-16,40.721650724879986,-74.04288411140442,24519
2019-09-16,40.7242941,-74.0354826,24520
2019-09-16,40.72333158646436,-74.04595255851744,24520
2019-09-16,40.7241765,-74.0506564,24521
2019-09-16,40.721650724879986,-74.04288411140442,24521
2019-09-16,40.721650724879986,-74.04288411140442,24522
2019-09-16,40.727595966,-74.044247311,24522
2019-09-16,40.7112423,-74.0557013,24523
2019-09-16,40.721650724879986,-74.04288411140442,24523
2019-09-16,40.727595966,-74.044247311,24524
2019-09-16,40.7272235,-74.0337589,24524
2019-09-16,40.71458403535893,-74.04281705617905,24525
2019-09-16,40.72152515,-74.046304543,24525
2019-09-16,40.7272235,-74.0337589,24526
2019-09-16,40.727595966,-74.044247311,24526
2019-09-16,40.7211236,-74.03805095,24527
2019-09-16,40.71687,-74.03281,24527
2019-09-16,40.71687,-74.03281,24528
2019-09-16,40.72333158646436,-74.04595255851744,24528
2019-09-16,40.7182113,-74.0836394,24529
2019-09-16,40.73089709786179,-74.06391263008118,24529
2019-09-16,40.7192517,-74.034234,24530
2019-09-16,40.72333158646436,-74.04595255851744,24530
2019-09-16,40.71835519823214,-74.03891444206238,24531
2019-09-16,40.7192517,-74.034234,24531
2019-09-16,40.7287448,-74.0321082,24532
2019-09-16,40.7272235,-74.0337589,24532
2019-09-16,40.7192517,-74.034234,24533
2019-09-16,40.7192517,-74.034234,24533
2019-09-16,40.71458403535893,-74.04281705617905,24534
2019-09-16,40.71687,-74.03281,24534
2019-09-16,40.7376037,-74.0524783,24535
2019-09-16,40.71687,-74.03281,24535
2019-09-16,40.71346382669195,-74.06285852193832,24536
2019-09-16,40.72152515,-74.046304543,24536
2019-09-16,40.71928220070702,-74.07126188278198,24537
2019-09-16,40.73367,-74.0625,24537
2019-09-16,40.7211236,-74.03805095,24538
2019-09-16,40.7242941,-74.0354826,24538
2019-09-16,40.73089709786179,-74.06391263008118,24539
2019-09-16,40.7253399253558,-74.06762212514877,24539
2019-09-16,40.72528910781132,-74.04557168483734,24540
2019-09-16,40.72152515,-74.046304543,24540
2019-09-16,40.727595966,-74.044247311,24541
2019-09-16,40.72152515,-74.046304543,24541
2019-09-16,40.71687,-74.03281,24542
2019-09-16,40.7192517,-74.034234,24542
2019-09-16,40.7272235,-74.0337589,24543
2019-09-16,40.7211236,-74.03805095,24543
2019-09-16,40.72601172964625,-74.05038893222809,24544
2019-09-16,40.71958611647166,-74.04311746358871,24544
2019-09-16,40.71458403535893,-74.04281705617905,24545
2019-09-16,40.71458403535893,-74.04281705617905,24545
2019-09-16,40.71687,-74.03281,24546
2019-09-16,40.7124188237569,-74.03852552175522,24546
2019-09-16,40.71687,-74.03281,24547
2019-09-16,40.7236589,-74.0641943,24547
2019-09-16,40.71687,-74.03281,24548
2019-09-16,40.7236589,-74.0641943,24548
2019-09-16,40.72568548362901,-74.04879033565521,24549
2019-09-16,40.71958611647166,-74.04311746358871,24549
2019-09-16,40.72152515,-74.046304543,24550
2019-09-16,40.72568548362901,-74.04879033565521,24550
2019-09-16,40.71458403535893,-74.04281705617905,24551
2019-09-16,40.71458403535893,-74.04281705617905,24551
2019-09-16,40.727595966,-74.044247311,24552
2019-09-16,40.71653978099194,-74.0496379137039,24552
2019-09-16,40.7124188237569,-74.03852552175522,24553
2019-09-16,40.71835519823214,-74.03891444206238,24553
2019-09-16,40.7192517,-74.034234,24554
2019-09-16,40.71958611647166,-74.04311746358871,24554
2019-09-16,40.71928220070702,-74.07126188278198,24555
2019-09-16,40.7253399253558,-74.06762212514877,24555
2019-09-16,40.73089709786179,-74.06391263008118,24556
2019-09-16,40.7253399253558,-74.06762212514877,24556
2019-09-16,40.71928220070702,-74.07126188278198,24557
2019-09-16,40.73089709786179,-74.06391263008118,24557
2019-09-16,40.72152515,-74.046304543,24558
2019-09-16,40.7241765,-74.0506564,24558
2019-09-16,40.7241765,-74.0506564,24559
2019-09-16,40.72152515,-74.046304543,24559
2019-09-16,40.72152515,-74.046304543,24560
2019-09-16,40.71458403535893,-74.04281705617905,24560
2019-09-16,40.72528910781132,-74.04557168483734,24561
2019-09-16,40.71958611647166,-74.04311746358871,24561
2019-09-16,40.7112423,-74.0557013,24562
2019-09-16,40.72152515,-74.046304543,24562
2019-09-16,40.71958611647166,-74.04311746358871,24563
2019-09-16,40.7192517,-74.034234,24563
2019-09-16,40.734961020009514,-74.0595030784607,24564
2019-09-16,40.722103786686034,-74.07145500183105,24564
2019-09-16,40.7124188237569,-74.03852552175522,24565
2019-09-16,40.71687,-74.03281,24565
2019-09-16,40.7211236,-74.03805095,24566
2019-09-16,40.71458403535893,-74.04281705617905,24566
2019-09-16,40.72568548362901,-74.04879033565521,24567
2019-09-16,40.734961020009514,-74.0595030784607,24567
2019-09-16,40.7272235,-74.0337589,24568
2019-09-16,40.72333158646436,-74.04595255851744,24568
2019-09-16,40.7192517,-74.034234,24569
2019-09-16,40.71458403535893,-74.04281705617905,24569
2019-09-16,40.72152515,-74.046304543,24570
2019-09-16,40.727595966,-74.044247311,24570
2019-09-16,40.71835519823214,-74.03891444206238,24571
2019-09-16,40.7211236,-74.03805095,24571
2019-09-16,40.7124188237569,-74.03852552175522,24572
2019-09-16,40.7127742,-74.0364857,24572
2019-09-16,40.7311689,-74.0575736,24573
2019-09-16,40.7177325,-74.043845,24573
2019-09-16,40.71458403535893,-74.04281705617905,24574
2019-09-16,40.7112423,-74.0557013,24574
2019-09-16,40.721630142638354,-74.04996782541275,24575
2019-09-16,40.71958611647166,-74.04311746358871,24575
2019-09-16,40.7211236,-74.03805095,24576
2019-09-16,40.7272235,-74.0337589,24576
2019-09-16,40.71835519823214,-74.03891444206238,24577
2019-09-16,40.71458403535893,-74.04281705617905,24577
2019-09-16,40.7242941,-74.0354826,24578
2019-09-16,40.71458403535893,-74.04281705617905,24578
2019-09-16,40.7192517,-74.034234,24579
2019-09-16,40.7287448,-74.0321082,24579
2019-09-16,40.71458403535893,-74.04281705617905,24580
2019-09-16,40.71958611647166,-74.04311746358871,24580
2019-09-16,40.71458403535893,-74.04281705617905,24581
2019-09-16,40.7127742,-74.0364857,24581
2019-09-16,40.71958611647166,-74.04311746358871,24582
2019-09-16,40.727595966,-74.044247311,24582
2019-09-16,40.721630142638354,-74.04996782541275,24583
2019-09-16,40.71958611647166,-74.04311746358871,24583
2019-09-16,40.71958611647166,-74.04311746358871,24584
2019-09-16,40.71848892,-74.047726625,24584
2019-09-16,40.7112423,-74.0557013,24585
2019-09-16,40.71958611647166,-74.04311746358871,24585
2019-09-16,40.7272235,-74.0337589,24586
2019-09-16,40.7242941,-74.0354826,24586
2019-09-16,40.7242941,-74.0354826,24587
2019-09-16,40.7272235,-74.0337589,24587
2019-09-16,40.7112423,-74.0557013,24588
2019-09-16,40.71958611647166,-74.04311746358871,24588
2019-09-16,40.7211236,-74.03805095,24589
2019-09-16,40.71687,-74.03281,24589
2019-09-16,40.72333158646436,-74.04595255851744,24590
2019-09-16,40.727595966,-74.044247311,24590
2019-09-16,40.73089709786179,-74.06391263008118,24591
2019-09-16,40.7253399253558,-74.06762212514877,24591
2019-09-16,40.734961020009514,-74.0595030784607,24592
2019-09-16,40.748715945380226,-74.04044330120087,24592
2019-09-16,40.734785818,-74.050443636,24593
2019-09-16,40.734961020009514,-74.0595030784607,24593
2019-09-16,40.71958611647166,-74.04311746358871,24594
2019-09-16,40.727595966,-74.044247311,24594
2019-09-16,40.71848892,-74.047726625,24595
2019-09-16,40.71958611647166,-74.04311746358871,24595
2019-09-16,40.7287448,-74.0321082,24596
2019-09-16,40.72528910781132,-74.04557168483734,24596
2019-09-16,40.722103786686034,-74.07145500183105,24597
2019-09-16,40.73089709786179,-74.06391263008118,24597
2019-09-16,40.71848892,-74.047726625,24598
2019-09-16,40.7211236,-74.03805095,24598
2019-09-16,40.7287448,-74.0321082,24599
2019-09-16,40.71835519823214,-74.03891444206238,24599
2019-09-16,40.73089709786179,-74.06391263008118,24600
2019-09-16,40.7253399253558,-74.06762212514877,24600
2019-09-16,40.71942,-74.05099,24601
2019-09-16,40.71458403535893,-74.04281705617905,24601
2019-09-16,40.71517767732029,-74.03768330812454,24602
2019-09-16,40.71346382669195,-74.06285852193832,24602
2019-09-16,40.71649,-74.04105,24603
2019-09-16,40.71958611647166,-74.04311746358871,24603
2019-09-16,40.72152515,-74.046304543,24604
2019-09-16,40.7112423,-74.0557013,24604
2019-09-16,40.722103786686034,-74.07145500183105,24605
2019-09-16,40.73089709786179,-74.06391263008118,24605
2019-09-16,40.7124188237569,-74.03852552175522,24606
2019-09-16,40.71653978099194,-74.0496379137039,24606
2019-09-16,40.7177325,-74.043845,24607
2019-09-16,40.71942,-74.05099,24607
2019-09-16,40.73089709786179,-74.06391263008118,24608
2019-09-16,40.7253399253558,-74.06762212514877,24608
2019-09-16,40.72333158646436,-74.04595255851744,24609
2019-09-16,40.727595966,-74.044247311,24609
2019-09-16,40.71687,-74.03281,24610
2019-09-16,40.721650724879986,-74.04288411140442,24610
2019-09-16,40.7241765,-74.0506564,24611
2019-09-16,40.71958611647166,-74.04311746358871,24611
2019-09-16,40.7236589,-74.0641943,24612
2019-09-16,40.73089709786179,-74.06391263008118,24612
2019-09-16,40.7253399253558,-74.06762212514877,24613
2019-09-16,40.73089709786179,-74.06391263008118,24613
2019-09-16,40.7127742,-74.0364857,24614
2019-09-16,40.71687,-74.03281,24614
2019-09-16,40.7253399253558,-74.06762212514877,24615
2019-09-16,40.73089709786179,-74.06391263008118,24615
2019-09-16,40.71113,-74.0789,24616
2019-09-16,40.73089709786179,-74.06391263008118,24616
2019-09-16,40.71346382669195,-74.06285852193832,24617
2019-09-16,40.71848892,-74.047726625,24617
2019-09-16,40.71687,-74.03281,24618
2019-09-16,40.71458403535893,-74.04281705617905,24618
2019-09-16,40.7192517,-74.034234,24619
2019-09-16,40.721650724879986,-74.04288411140442,24619
2019-09-16,40.72601172964625,-74.05038893222809,24620
2019-09-16,40.7287448,-74.0321082,24620
2019-09-16,40.71958611647166,-74.04311746358871,24621
2019-09-16,40.73520838045357,-74.04696375131607,24621
2019-09-16,40.7242941,-74.0354826,24622
2019-09-16,40.7242941,-74.0354826,24622
2019-09-16,40.7246050998869,-74.07840594649315,24623
2019-09-16,40.73089709786179,-74.06391263008118,24623
2019-09-16,40.7192517,-74.034234,24624
2019-09-16,40.71958611647166,-74.04311746358871,24624
2019-09-16,40.7253399253558,-74.06762212514877,24625
2019-09-16,40.7253399253558,-74.06762212514877,24625
2019-09-16,40.7253399253558,-74.06762212514877,24626
2019-09-16,40.7253399253558,-74.06762212514877,24626
2019-09-16,40.71958611647166,-74.04311746358871,24627
2019-09-16,40.7192517,-74.034234,24627
2019-09-16,40.72152515,-74.046304543,24628
2019-09-16,40.71942,-74.05099,24628
2019-09-16,40.7124188237569,-74.03852552175522,24629
2019-09-16,40.71687,-74.03281,24629
2019-09-16,40.727595966,-74.044247311,24630
2019-09-16,40.73089709786179,-74.06391263008118,24630
2019-09-16,40.7192517,-74.034234,24631
2019-09-16,40.71835519823214,-74.03891444206238,24631
2019-09-16,40.721630142638354,-74.04996782541275,24632
2019-09-16,40.71958611647166,-74.04311746358871,24632
2019-09-16,40.7112423,-74.0557013,24633
2019-09-16,40.71958611647166,-74.04311746358871,24633
2019-09-16,40.72568548362901,-74.04879033565521,24634
2019-09-16,40.7192517,-74.034234,24634
2019-09-16,40.71517767732029,-74.03768330812454,24635
2019-09-16,40.7177325,-74.043845,24635
2019-09-16,40.727595966,-74.044247311,24636
2019-09-16,40.72333158646436,-74.04595255851744,24636
2019-09-16,40.748715945380226,-74.04044330120087,24637
2019-09-16,40.71958611647166,-74.04311746358871,24637
2019-09-16,40.71653978099194,-74.0496379137039,24638
2019-09-16,40.71835519823214,-74.03891444206238,24638
2019-09-16,40.7253399253558,-74.06762212514877,24639
2019-09-16,40.73089709786179,-74.06391263008118,24639
2019-09-16,40.7287448,-74.0321082,24640
2019-09-16,40.7311689,-74.0575736,24640
2019-09-16,40.71928220070702,-74.07126188278198,24641
2019-09-16,40.73089709786179,-74.06391263008118,24641
2019-09-16,40.72528910781132,-74.04557168483734,24642
2019-09-16,40.71848892,-74.047726625,24642
2019-09-16,40.734785818,-74.050443636,24643
2019-09-16,40.73089709786179,-74.06391263008118,24643
2019-09-16,40.73089709786179,-74.06391263008118,24644
2019-09-16,40.7246050998869,-74.07840594649315,24644
2019-09-16,40.71435836870427,-74.06661093235016,24645
2019-09-16,40.71687,-74.03281,24645
2019-09-16,40.7211236,-74.03805095,24646
2019-09-16,40.7192517,-74.034234,24646
2019-09-16,40.72568548362901,-74.04879033565521,24647
2019-09-16,40.72333158646436,-74.04595255851744,24647
2019-09-16,40.734785818,-74.050443636,24648
2019-09-16,40.72152515,-74.046304543,24648
2019-09-16,40.72601172964625,-74.05038893222809,24649
2019-09-16,40.72152515,-74.046304543,24649
2019-09-16,40.722103786686034,-74.07145500183105,24650
2019-09-16,40.73089709786179,-74.06391263008118,24650
2019-09-16,40.7192517,-74.034234,24651
2019-09-16,40.734785818,-74.050443636,24651
2019-09-16,40.7311689,-74.0575736,24652
2019-09-16,40.72152515,-74.046304543,24652
2019-09-16,40.72601172964625,-74.05038893222809,24653
2019-09-16,40.72528910781132,-74.04557168483734,24653
2019-09-16,40.73089709786179,-74.06391263008118,24654
2019-09-16,40.72755146730012,-74.07106071710587,24654
2019-09-16,40.7177325,-74.043845,24655
2019-09-16,40.727595966,-74.044247311,24655
2019-09-16,40.71958611647166,-74.04311746358871,24656
2019-09-16,40.72528910781132,-74.04557168483734,24656
2019-09-16,40.748715945380226,-74.04044330120087,24657
2019-09-16,40.7246050998869,-74.07840594649315,24657
2019-09-16,40.72572613742557,-74.07195925712585,24658
2019-09-16,40.73089709786179,-74.06391263008118,24658
2019-09-16,40.7241765,-74.0506564,24659
2019-09-16,40.7242941,-74.0354826,24659
2019-09-16,40.71958611647166,-74.04311746358871,24660
2019-09-16,40.72528910781132,-74.04557168483734,24660
2019-09-16,40.727595966,-74.044247311,24661
2019-09-16,40.72152515,-74.046304543,24661
2019-09-16,40.71848892,-74.047726625,24662
2019-09-16,40.71435836870427,-74.06661093235016,24662
2019-09-16,40.727595966,-74.044247311,24663
2019-09-16,40.727595966,-74.044247311,24663
2019-09-16,40.7272235,-74.0337589,24664
2019-09-16,40.71458403535893,-74.04281705617905,24664
2019-09-16,40.71346382669195,-74.06285852193832,24665
2019-09-16,40.71958611647166,-74.04311746358871,24665
2019-09-16,40.72601172964625,-74.05038893222809,24666
2019-09-16,40.72152515,-74.046304543,24666
2019-09-16,40.7443187,-74.0439909,24667
2019-09-16,40.748715945380226,-74.04044330120087,24667
2019-09-16,40.7246050998869,-74.07840594649315,24668
2019-09-16,40.73089709786179,-74.06391263008118,24668
2019-09-16,40.727595966,-74.044247311,24669
2019-09-16,40.71958611647166,-74.04311746358871,24669
2019-09-16,40.7246050998869,-74.07840594649315,24670
2019-09-16,40.7246050998869,-74.07840594649315,24670
2019-09-16,40.72601172964625,-74.05038893222809,24671
2019-09-16,40.71958611647166,-74.04311746358871,24671
2019-09-16,40.7287448,-74.0321082,24672
2019-09-16,40.7211236,-74.03805095,24672
2019-09-16,40.7124188237569,-74.03852552175522,24673
2019-09-16,40.71958611647166,-74.04311746358871,24673
2019-09-16,40.7376037,-74.0524783,24674
2019-09-16,40.7376037,-74.0524783,24674
2019-09-16,40.7246050998869,-74.07840594649315,24675
2019-09-16,40.73089709786179,-74.06391263008118,24675
2019-09-16,40.71517767732029,-74.03768330812454,24676
2019-09-16,40.71517767732029,-74.03768330812454,24676
2019-09-16,40.7211236,-74.03805095,24677
2019-09-16,40.71687,-74.03281,24677
2019-09-16,40.742677141,-74.051788633,24678
2019-09-16,40.73089709786179,-74.06391263008118,24678
2019-09-16,40.71687,-74.03281,24679
2019-09-16,40.71458403535893,-74.04281705617905,24679
2019-09-16,40.71458403535893,-74.04281705617905,24680
2019-09-16,40.71458403535893,-74.04281705617905,24680
2019-09-16,40.727595966,-74.044247311,24681
2019-09-16,40.71958611647166,-74.04311746358871,24681
2019-09-16,40.71958611647166,-74.04311746358871,24682
2019-09-16,40.72528910781132,-74.04557168483734,24682
2019-09-16,40.727595966,-74.044247311,24683
2019-09-16,40.71958611647166,-74.04311746358871,24683
2019-09-16,40.7127742,-74.0364857,24684
2019-09-16,40.7242941,-74.0354826,24684
2019-09-16,40.727595966,-74.044247311,24685
2019-09-16,40.7272235,-74.0337589,24685
2019-09-16,40.71958611647166,-74.04311746358871,24686
2019-09-16,40.71435836870427,-74.06661093235016,24686
2019-09-16,40.7241765,-74.0506564,24687
2019-09-16,40.72601172964625,-74.05038893222809,24687
2019-09-16,40.7246050998869,-74.07840594649315,24688
2019-09-16,40.7253399253558,-74.06762212514877,24688
2019-09-16,40.71435836870427,-74.06661093235016,24689
2019-09-16,40.7112423,-74.0557013,24689
2019-09-16,40.7241765,-74.0506564,24690
2019-09-16,40.71958611647166,-74.04311746358871,24690
2019-09-16,40.72601172964625,-74.05038893222809,24691
2019-09-16,40.71958611647166,-74.04311746358871,24691
2019-09-16,40.71653978099194,-74.0496379137039,24692
2019-09-16,40.71958611647166,-74.04311746358871,24692
2019-09-16,40.7192517,-74.034234,24693
2019-09-16,40.7272235,-74.0337589,24693
2019-09-16,40.72152515,-74.046304543,24694
2019-09-16,40.7443187,-74.0439909,24694
2019-09-16,40.7127742,-74.0364857,24695
2019-09-16,40.7287448,-74.0321082,24695
2019-09-16,40.71458403535893,-74.04281705617905,24696
2019-09-16,40.71458403535893,-74.04281705617905,24696
2019-09-16,40.71458403535893,-74.04281705617905,24697
2019-09-16,40.71958611647166,-74.04311746358871,24697
2019-09-16,40.71942,-74.05099,24698
2019-09-16,40.7241765,-74.0506564,24698
2019-09-16,40.71835519823214,-74.03891444206238,24699
2019-09-16,40.7211236,-74.03805095,24699
2019-09-16,40.721650724879986,-74.04288411140442,24700
2019-09-16,40.7272235,-74.0337589,24700
2019-09-16,40.73520838045357,-74.04696375131607,24701
2019-09-16,40.7127742,-74.0364857,24701
2019-09-16,40.7272235,-74.0337589,24702
2019-09-16,40.727595966,-74.044247311,24702
2019-09-16,40.721630142638354,-74.04996782541275,24703
2019-09-16,40.71958611647166,-74.04311746358871,24703
2019-09-16,40.71346382669195,-74.06285852193832,24704
2019-09-16,40.7177325,-74.043845,24704
2019-09-16,40.7272235,-74.0337589,24705
2019-09-16,40.7211236,-74.03805095,24705
2019-09-16,40.7242941,-74.0354826,24706
2019-09-16,40.7272235,-74.0337589,24706
2019-09-16,40.7242941,-74.0354826,24707
2019-09-16,40.7272235,-74.0337589,24707
2019-09-16,40.7241765,-74.0506564,24708
2019-09-16,40.71942,-74.05099,24708
2019-09-16,40.7124188237569,-74.03852552175522,24709
2019-09-16,40.71848892,-74.047726625,24709
2019-09-16,40.71942,-74.05099,24710
2019-09-16,40.7287448,-74.0321082,24710
2019-09-16,40.72572613742557,-74.07195925712585,24711
2019-09-16,40.71835519823214,-74.03891444206238,24711
2019-09-16,40.72568548362901,-74.04879033565521,24712
2019-09-16,40.72333158646436,-74.04595255851744,24712
2019-09-16,40.71687,-74.03281,24713
2019-09-16,40.7192517,-74.034234,24713
2019-09-16,40.71958611647166,-74.04311746358871,24714
2019-09-16,40.71942,-74.05099,24714
2019-09-16,40.7124188237569,-74.03852552175522,24715
2019-09-16,40.71649,-74.04105,24715
2019-09-16,40.71928220070702,-74.07126188278198,24716
2019-09-16,40.7253399253558,-74.06762212514877,24716
2019-09-16,40.7124188237569,-74.03852552175522,24717
2019-09-16,40.71835519823214,-74.03891444206238,24717
2019-09-16,40.721630142638354,-74.04996782541275,24718
2019-09-16,40.71958611647166,-74.04311746358871,24718
2019-09-16,40.727595966,-74.044247311,24719
2019-09-16,40.721650724879986,-74.04288411140442,24719
2019-09-16,40.71687,-74.03281,24720
2019-09-16,40.7127742,-74.0364857,24720
2019-09-16,40.73089709786179,-74.06391263008118,24721
2019-09-16,40.7376037,-74.0524783,24721
2019-09-16,40.7272235,-74.0337589,24722
2019-09-16,40.72601172964625,-74.05038893222809,24722
2019-09-16,40.7272235,-74.0337589,24723
2019-09-16,40.72601172964625,-74.05038893222809,24723
2019-09-16,40.7246050998869,-74.07840594649315,24724
2019-09-16,40.7236589,-74.0641943,24724
2019-09-16,40.7242941,-74.0354826,24725
2019-09-16,40.72152515,-74.046304543,24725
2019-09-16,40.7272235,-74.0337589,24726
2019-09-16,40.7192517,-74.034234,24726
2019-09-16,40.71835519823214,-74.03891444206238,24727
2019-09-16,40.7287448,-74.0321082,24727
2019-09-16,40.71848892,-74.047726625,24728
2019-09-16,40.7287448,-74.0321082,24728
2019-09-16,40.71687,-74.03281,24729
2019-09-16,40.7192517,-74.034234,24729
2019-09-16,40.7192517,-74.034234,24730
2019-09-16,40.71687,-74.03281,24730
2019-09-16,40.72568548362901,-74.04879033565521,24731
2019-09-16,40.7192517,-74.034234,24731
2019-09-16,40.73089709786179,-74.06391263008118,24732
2019-09-16,40.72755146730012,-74.07106071710587,24732
2019-09-16,40.71958611647166,-74.04311746358871,24733
2019-09-16,40.7241765,-74.0506564,24733
2019-09-16,40.7246050998869,-74.07840594649315,24734
2019-09-16,40.7246050998869,-74.07840594649315,24734
2019-09-16,40.71958611647166,-74.04311746358871,24735
2019-09-16,40.71517767732029,-74.03768330812454,24735
2019-09-16,40.7242941,-74.0354826,24736
2019-09-16,40.71942,-74.05099,24736
2019-09-16,40.71435836870427,-74.06661093235016,24737
2019-09-16,40.71649,-74.04105,24737
2019-09-16,40.722103786686034,-74.07145500183105,24738
2019-09-16,40.73089709786179,-74.06391263008118,24738
2019-09-16,40.71653978099194,-74.0496379137039,24739
2019-09-16,40.727595966,-74.044247311,24739
2019-09-16,40.71653978099194,-74.0496379137039,24740
2019-09-16,40.71653978099194,-74.0496379137039,24740
2019-09-16,40.71346382669195,-74.06285852193832,24741
2019-09-16,40.71687,-74.03281,24741
2019-09-16,40.727595966,-74.044247311,24742
2019-09-16,40.72333158646436,-74.04595255851744,24742
2019-09-16,40.7272235,-74.0337589,24743
2019-09-16,40.71835519823214,-74.03891444206238,24743
2019-09-16,40.727595966,-74.044247311,24744
2019-09-16,40.71958611647166,-74.04311746358871,24744
2019-09-16,40.71649,-74.04105,24745
2019-09-16,40.72601172964625,-74.05038893222809,24745
2019-09-16,40.73089709786179,-74.06391263008118,24746
2019-09-16,40.7253399253558,-74.06762212514877,24746
2019-09-16,40.7253399253558,-74.06762212514877,24747
2019-09-16,40.73089709786179,-74.06391263008118,24747
2019-09-16,40.72601172964625,-74.05038893222809,24748
2019-09-16,40.71958611647166,-74.04311746358871,24748
2019-09-16,40.72333158646436,-74.04595255851744,24749
2019-09-16,40.72152515,-74.046304543,24749
2019-09-16,40.734785818,-74.050443636,24750
2019-09-16,40.742677141,-74.051788633,24750
2019-09-16,40.73089709786179,-74.06391263008118,24751
2019-09-16,40.73089709786179,-74.06391263008118,24751
2019-09-16,40.74590996631558,-74.0572714805603,24752
2019-09-16,40.74590996631558,-74.0572714805603,24752
2019-09-16,40.73089709786179,-74.06391263008118,24753
2019-09-16,40.7246050998869,-74.07840594649315,24753
2019-09-16,40.73089709786179,-74.06391263008118,24754
2019-09-16,40.73089709786179,-74.06391263008118,24754
2019-09-16,40.7246050998869,-74.07840594649315,24755
2019-09-16,40.73089709786179,-74.06391263008118,24755
2019-09-16,40.7246050998869,-74.07840594649315,24756
2019-09-16,40.73089709786179,-74.06391263008118,24756
2019-09-16,40.7272235,-74.0337589,24757
2019-09-16,40.7287448,-74.0321082,24757
2019-09-16,40.73089709786179,-74.06391263008118,24758
2019-09-16,40.722103786686034,-74.07145500183105,24758
2019-09-16,40.7272235,-74.0337589,24759
2019-09-16,40.7242941,-74.0354826,24759
2019-09-16,40.73520838045357,-74.04696375131607,24760
2019-09-16,40.727595966,-74.044247311,24760
2019-09-16,40.71848892,-74.047726625,24761
2019-09-16,40.7236589,-74.0641943,24761
2019-09-16,40.7192517,-74.034234,24762
2019-09-16,40.7242941,-74.0354826,24762
2019-09-16,40.71458403535893,-74.04281705617905,24763
2019-09-16,40.7127742,-74.0364857,24763
2019-09-16,40.7272235,-74.0337589,24764
2019-09-16,40.7211236,-74.03805095,24764
2019-09-16,40.73089709786179,-74.06391263008118,24765
2019-09-16,40.7246050998869,-74.07840594649315,24765
2019-09-16,40.72333158646436,-74.04595255851744,24766
2019-09-16,40.721650724879986,-74.04288411140442,24766
2019-09-16,40.73089709786179,-74.06391263008118,24767
2019-09-16,40.72572613742557,-74.07195925712585,24767
2019-09-16,40.7272235,-74.0337589,24768
2019-09-16,40.7287448,-74.0321082,24768
2019-09-16,40.742677141,-74.051788633,24769
2019-09-16,40.71928220070702,-74.07126188278198,24769
2019-09-16,40.7242941,-74.0354826,24770
2019-09-16,40.71958611647166,-74.04311746358871,24770
2019-09-16,40.73089709786179,-74.06391263008118,24771
2019-09-16,40.73089709786179,-74.06391263008118,24771
2019-09-16,40.73089709786179,-74.06391263008118,24772
2019-09-16,40.71928220070702,-74.07126188278198,24772
2019-09-16,40.7127742,-74.0364857,24773
2019-09-16,40.71835519823214,-74.03891444206238,24773
2019-09-16,40.73089709786179,-74.06391263008118,24774
2019-09-16,40.74590996631558,-74.0572714805603,24774
2019-09-16,40.72601172964625,-74.05038893222809,24775
2019-09-16,40.71958611647166,-74.04311746358871,24775
2019-09-16,40.7246050998869,-74.07840594649315,24776
2019-09-16,40.7236589,-74.0641943,24776
2019-09-16,40.71458403535893,-74.04281705617905,24777
2019-09-16,40.71958611647166,-74.04311746358871,24777
2019-09-16,40.7192517,-74.034234,24778
2019-09-16,40.71835519823214,-74.03891444206238,24778
2019-09-16,40.7253399253558,-74.06762212514877,24779
2019-09-16,40.7182113,-74.0836394,24779
2019-09-16,40.72568548362901,-74.04879033565521,24780
2019-09-16,40.71958611647166,-74.04311746358871,24780
2019-09-16,40.727595966,-74.044247311,24781
2019-09-16,40.721650724879986,-74.04288411140442,24781
2019-09-16,40.71835519823214,-74.03891444206238,24782
2019-09-16,40.7192517,-74.034234,24782
2019-09-16,40.71458403535893,-74.04281705617905,24783
2019-09-16,40.71835519823214,-74.03891444206238,24783
2019-09-16,40.72601172964625,-74.05038893222809,24784
2019-09-16,40.7177325,-74.043845,24784
2019-09-16,40.71848892,-74.047726625,24785
2019-09-16,40.7112423,-74.0557013,24785
2019-09-16,40.7177325,-74.043845,24786
2019-09-16,40.7112423,-74.0557013,24786
2019-09-16,40.71517767732029,-74.03768330812454,24787
2019-09-16,40.7236589,-74.0641943,24787
2019-09-16,40.71458403535893,-74.04281705617905,24788
2019-09-16,40.71458403535893,-74.04281705617905,24788
2019-09-16,40.71458403535893,-74.04281705617905,24789
2019-09-16,40.71458403535893,-74.04281705617905,24789
2019-09-16,40.7246050998869,-74.07840594649315,24790
2019-09-16,40.73089709786179,-74.06391263008118,24790
2019-09-16,40.727595966,-74.044247311,24791
2019-09-16,40.721650724879986,-74.04288411140442,24791
2019-09-16,40.7376037,-74.0524783,24792
2019-09-16,40.748715945380226,-74.04044330120087,24792
2019-09-16,40.73089709786179,-74.06391263008118,24793
2019-09-16,40.72755146730012,-74.07106071710587,24793
2019-09-16,40.71848892,-74.047726625,24794
2019-09-16,40.71346382669195,-74.06285852193832,24794
2019-09-16,40.71458403535893,-74.04281705617905,24795
2019-09-16,40.72152515,-74.046304543,24795
2019-09-16,40.71458403535893,-74.04281705617905,24796
2019-09-16,40.71942,-74.05099,24796
2019-09-16,40.7241765,-74.0506564,24797
2019-09-16,40.71835519823214,-74.03891444206238,24797
2019-09-16,40.7192517,-74.034234,24798
2019-09-16,40.7272235,-74.0337589,24798
2019-09-16,40.727595966,-74.044247311,24799
2019-09-16,40.71848892,-74.047726625,24799
2019-09-16,40.7287448,-74.0321082,24800
2019-09-16,40.7287448,-74.0321082,24800
2019-09-16,40.73089709786179,-74.06391263008118,24801
2019-09-16,40.73367,-74.0625,24801
2019-09-16,40.7272235,-74.0337589,24802
2019-09-16,40.727595966,-74.044247311,24802
2019-09-16,40.73367,-74.0625,24803
2019-09-16,40.734785818,-74.050443636,24803
2019-09-16,40.721650724879986,-74.04288411140442,24804
2019-09-16,40.71346382669195,-74.06285852193832,24804
2019-09-16,40.7242941,-74.0354826,24805
2019-09-16,40.7241765,-74.0506564,24805
2019-09-16,40.7211236,-74.03805095,24806
2019-09-16,40.73089709786179,-74.06391263008118,24806
2019-09-16,40.7246050998869,-74.07840594649315,24807
2019-09-16,40.7253399253558,-74.06762212514877,24807
2019-09-16,40.7242941,-74.0354826,24808
2019-09-16,40.7211236,-74.03805095,24808
2019-09-16,40.722103786686034,-74.07145500183105,24809
2019-09-16,40.73089709786179,-74.06391263008118,24809
2019-09-16,40.7246050998869,-74.07840594649315,24810
2019-09-16,40.7253399253558,-74.06762212514877,24810
2019-09-16,40.721630142638354,-74.04996782541275,24811
2019-09-16,40.71958611647166,-74.04311746358871,24811
2019-09-16,40.71928220070702,-74.07126188278198,24812
2019-09-16,40.7253399253558,-74.06762212514877,24812
2019-09-16,40.71958611647166,-74.04311746358871,24813
2019-09-16,40.71346382669195,-74.06285852193832,24813
2019-09-16,40.73089709786179,-74.06391263008118,24815
2019-09-16,40.7253399253558,-74.06762212514877,24815
